###Truck route record
###S.No.	VF	VL	Heading	Encoder-Raw	Tiller-Angle
1	4145.01074219	843.320922852	353	18677	-1.98380792141
2	4408.76123047	891.170654297	352	19834	-1.98380792141
3	4737.00585938	955.009643555	351	21321	-1.98380792141
4	5136.39306641	1039.14599609	350	23205	-1.98380792141
5	5521.16455078	1126.9510498	349	24891	-1.98380792141
6	5812.20507812	1200.03369141	348	26264	-1.98380792141
7	6022.71435547	1251.43127441	348	27189	-1.98380792141
8	6146.69873047	1283.9654541	348	27759	-1.98380792141
9	6197.79101562	1297.4708252	348	27994	-1.76454496384
10	6199.09472656	1297.81774902	348	28000	-1.54006147385
11	6199.53027344	1297.92883301	348	28002	-1.10153543949
12	6199.74853516	1297.98364258	348	28003	-1.32079851627
13	6199.09228516	1297.82434082	348	28000	-0.657788932323
14	6168.27587891	1290.34973145	348	27859	-0.657788932323
15	6016.84375	1253.5357666	348	27166	-0.882272481918
16	5750.56396484	1186.48828125	348	25893	-0.882272481918
17	5345.71679688	1094.52819824	348	24025	-0.882272481918
18	4861.32177734	985.398376465	349	21891	-0.882272481918
19	4381.89794922	878.131835938	349	19631	-1.76454496384
20	3888.74926758	761.942993164	352	17374	-4.19209957123
21	3393.8425293	661.438232422	354	15207	-2.86608052254
22	2891.15991211	598.717346191	355	12954	0.0
23	2405.37207031	552.405151367	355	10704	0.0
24	1903.74133301	493.496551514	356	8461	-3.30982708931
25	1406.39172363	422.548828125	358	6226	-6.17590761185
26	916.668457031	370.617584229	1	4113	-3.97283625603
27	490.963745117	372.869689941	1	2219	1.32079851627
28	172.067687988	390.001220703	1	753	1.76454496384
29	-80.951965332	399.163024902	0	-327	0.438525944948
30	-300.863983154	401.842712402	0	-1347	-0.882272481918
31	-592.758056641	402.568084717	1	-2653	-0.882272481918
32	-953.178527832	408.975311279	1	-4206	0.0
33	-1356.74072266	417.918334961	1	-6001	0.0
34	-1692.20117188	424.050292969	1	-7540	-1.10153543949
35	-1943.8203125	421.252624512	2	-8612	-2.86608052254
36	-2104.15380859	420.741455078	2	-9344	-1.76454496384
37	-2185.07836914	422.968231201	2	-9693	0.0
38	-2202.15063477	423.704925537	2	-9760	0.657788932323
39	-2201.02758789	423.639770508	2	-9756	0.657788932323
40	-2200.80297852	423.626739502	2	-9755	0.657788932323
41	-2200.80297852	423.626739502	2	-9755	0.0
42	-2200.80297852	423.626739502	2	-9755	0.0
43	-2200.80297852	423.626739502	2	-9755	0.0
44	-2200.80297852	423.626739502	2	-9755	0.0
45	-2200.80297852	423.626739502	2	-9755	0.0
46	-2200.80297852	423.626739502	2	-9755	1.32079851627
47	-2200.80297852	423.626739502	2	-9755	1.98380792141
48	-2195.8737793	423.202148438	2	-9733	2.42755436897
49	-2110.05639648	413.629272461	3	-9349	3.97283625603
50	-1820.48217773	378.764343262	4	-8052	1.98380792141
51	-1280.03125	344.495147705	3	-5643	-2.86608052254
52	-519.876831055	357.721466064	0	-2114	-2.20307087898
53	466.116607666	332.079345703	1	2294	2.42755436897
54	1501.28308105	236.347473145	4	6749	1.10153543949
55	2535.83544922	165.431854248	3	11362	-3.52908992767
56	3572.44604492	211.699539185	0	15977	-2.42755436897
57	4605.72167969	221.585128784	0	20575	2.86608052254
58	5538.22705078	151.009963989	3	24734	2.64681744576
59	6287.80761719	80.6808013916	4	28196	0.657788932323
60	6912.796875	31.7450504303	4	30963	-0.438525944948
61	7385.16308594	5.64575624466	3	-32501	-1.32079851627
62	7700.15185547	-7.32791614532	3	-31125	-0.657788932323
63	7861.13916016	-16.2707023621	3	-30444	0.438525944948
64	7886.49462891	-17.9841041565	3	-30331	0.657788932323
65	7871.24169922	-16.9017486572	3	-30399	0.657788932323
66	7753.46679688	-8.65696048737	3	-30924	0.657788932323
67	7510.69726562	7.72133111954	3	-32006	0.657788932323
68	7156.71044922	30.0462856293	2	31886	0.438525944948
69	6662.89697266	55.3963813782	2	29754	0.0
70	6175.38574219	76.8175506592	2	27507	-0.882272481918
71	5673.19873047	97.3450698853	3	25349	-0.882272481918
72	5172.23583984	124.47933197	3	23118	0.0
73	4669.31347656	163.015350342	3	20875	1.54006147385
74	4168.93212891	205.01171875	2	18642	1.10153543949
75	3666.60644531	217.020111084	2	16407	-3.74835276604
76	3179.99438477	217.182571411	5	14160	-3.97283625603
77	2676.97119141	253.754653931	6	11921	0.438525944948
78	2175.65454102	318.843048096	5	9674	1.98380792141
79	1674.0925293	380.155822754	4	7504	1.54006147385
80	1172.90527344	416.899017334	4	5269	-1.76454496384
81	668.326843262	443.922698975	5	3022	-1.98380792141
82	183.459655762	485.112457275	6	780	-0.882272481918
83	-288.150939941	535.26776123	7	-1319	-0.657788932323
84	-666.632751465	580.430236816	7	-2998	0.0
85	-955.807128906	616.742553711	7	-4242	0.0
86	-1130.7635498	638.514953613	7	-5049	-0.438525944948
87	-1228.9810791	650.506286621	7	-5466	-0.438525944948
88	-1254.87243652	653.684631348	7	-5582	-0.438525944948
89	-1253.75671387	653.543640137	7	-5577	-0.438525944948
90	-1253.75671387	653.543640137	7	-5577	-0.438525944948
91	-1253.75671387	653.543640137	7	-5577	-0.438525944948
92	-1253.75671387	653.543640137	7	-5577	-0.438525944948
93	-1253.75671387	653.543640137	7	-5577	0.0
94	-1253.75671387	653.543640137	7	-5577	0.0
95	-1253.75671387	653.543640137	7	-5577	0.0
96	-1253.75671387	653.543640137	7	-5577	1.32079851627
97	-1253.75671387	653.543640137	7	-5577	1.32079851627
98	-1253.75671387	653.543640137	7	-5577	1.32079851627
99	-1253.75671387	653.543640137	7	-5577	1.10153543949
100	-1253.75671387	653.543640137	7	-5577	1.10153543949
101	-1253.75671387	653.543640137	7	-5577	1.10153543949
102	-1253.75671387	653.543640137	7	-5577	1.32079851627
103	-1253.75671387	653.543640137	7	-5577	1.32079851627
104	-1253.75671387	653.543640137	7	-5577	1.32079851627
105	-1253.75671387	653.543640137	7	-5577	1.32079851627
106	-1253.75671387	653.543640137	7	-5577	1.32079851627
107	-1253.75671387	653.543640137	7	-5577	1.32079851627
108	-1253.75671387	653.543640137	7	-5577	1.54006147385
109	-1253.75671387	653.543640137	7	-5577	1.76454496384
110	-1253.75671387	653.543640137	7	-5577	1.76454496384
111	-1253.75671387	653.543640137	7	-5577	1.76454496384
112	-1253.75671387	653.543640137	7	-5577	1.54006147385
113	-1253.75671387	653.543640137	7	-5577	1.54006147385
114	-1253.75671387	653.543640137	7	-5577	1.54006147385
115	-1253.75671387	653.543640137	7	-5577	1.54006147385
116	-1253.75671387	653.543640137	7	-5577	1.54006147385
117	-1253.75671387	653.543640137	7	-5577	1.32079851627
118	-1253.75671387	653.543640137	7	-5577	1.32079851627
119	-1253.75671387	653.543640137	7	-5577	1.32079851627
120	-1253.75671387	653.543640137	7	-5577	1.32079851627
121	-1253.75671387	653.543640137	7	-5577	1.32079851627
122	-1253.75671387	653.543640137	7	-5577	1.32079851627
123	-1246.41967773	652.428222656	7	-5544	1.54006147385
124	-1204.22924805	645.677368164	7	-5354	1.98380792141
125	-1127.46350098	632.98046875	7	-4992	1.76454496384
126	-1010.75842285	613.699157715	7	-4459	1.54006147385
127	-856.050354004	588.532043457	8	-3785	1.32079851627
128	-662.315490723	556.772155762	8	-2912	1.10153543949
129	-431.993499756	518.831726074	8	-1874	0.657788932323
130	-172.789077759	476.361724854	8	-706	0.657788932323
131	127.858528137	426.751159668	8	700	0.438525944948
132	416.675323486	378.65145874	9	1988	0.438525944948
133	620.609313965	345.168548584	9	2870	0.0
134	749.606140137	324.414520264	9	3451	0.0
135	898.585144043	300.445526123	9	4122	0.0
136	1118.16845703	265.116973877	9	5152	0.0
137	1400.40405273	219.976989746	9	6432	-0.438525944948
138	1751.07385254	167.082351685	8	8019	-0.657788932323
139	2160.47875977	110.289291382	8	9866	-1.32079851627
140	2635.87011719	53.5332107544	7	12009	-1.32079851627
141	3177.72216797	-3.86363458633	6	14349	-1.10153543949
142	3710.85986328	-58.109287262	6	16732	-0.657788932323
143	4135.87109375	-98.5376052856	5	18693	-1.10153543949
144	4473.98242188	-124.176681519	5	20183	-1.32079851627
145	4722.12646484	-140.33895874	5	21244	-1.32079851627
146	4865.3203125	-149.535568237	4	21899	-1.32079851627
147	4927.05273438	-152.995361328	4	22161	-1.32079851627
148	4929.97119141	-153.163864136	4	22170	-1.10153543949
149	4930.41992188	-153.192016602	4	22172	-1.10153543949
150	4930.64453125	-153.205230713	4	22173	-1.32079851627
151	4930.64453125	-153.205230713	4	22173	-1.32079851627
152	4930.64453125	-153.205230713	4	22173	-1.32079851627
153	4930.64453125	-153.205230713	4	22173	-1.32079851627
154	4930.64453125	-153.205230713	4	22173	-1.54006147385
155	4930.64453125	-153.205230713	4	22173	-1.54006147385
156	4930.64453125	-153.205230713	4	22173	-1.32079851627
157	4942.76708984	-153.921737671	4	22227	-1.10153543949
158	5036.36816406	-160.003799438	4	22670	-1.10153543949
159	5272.09765625	-173.866378784	4	23746	-1.32079851627
160	5662.1015625	-191.193588257	3	25503	-1.54006147385
161	6135.73583984	-203.832901001	2	27537	-1.54006147385
162	6531.26123047	-209.319549561	1	29296	-1.54006147385
163	6809.88623047	-210.160003662	1	30535	-1.54006147385
164	6997.65917969	-209.319473267	1	31370	-1.54006147385
165	7098.85351562	-208.537872314	0	31831	-1.32079851627
166	7131.91015625	-208.388275146	0	31968	1.10153543949
167	7131.24414062	-208.274337769	0	31964	17.6558914185
168	7128.28027344	-206.661148071	0	31949	28.472864151
169	7059.234375	-162.728652954	358	31561	35.5362663269
170	6876.33251953	-62.1945114136	350	30656	35.0925178528
171	6593.06591797	29.6604652405	338	29329	34.2102470398
172	6329.37841797	57.6558151245	328	28148	33.3279724121
173	6069.17480469	37.4531860352	318	26986	33.3279724121
174	5818.45458984	-26.4843711853	308	25834	33.3279724121
175	5609.4921875	-125.265098572	299	24777	29.7936630249
176	5469.38134766	-221.144271851	294	24046	27.5905914307
177	5406.36767578	-273.382446289	291	23682	26.9275817871
178	5397.00097656	-282.781646729	291	23623	4.63062524796
179	5397.29931641	-281.935791016	291	23627	-23.3932723999
180	5397.41748047	-282.369781494	291	23625	-36.6377983093
181	5392.60400391	-266.205322266	290	23700	-36.6377983093
182	5342.64208984	-120.497566223	284	24390	-35.9747886658
183	5203.68847656	135.904632568	272	25682	-34.6539916992
184	4946.71386719	434.235565186	257	27438	-34.4295082092
185	4683.54931641	626.16015625	244	28923	-34.4295082092
186	4473.23193359	716.950622559	235	29905	-34.6539916992
187	4346.48339844	757.604309082	230	30497	-32.6649627686
188	4298.70117188	772.069152832	228	30722	-31.1196804047
189	4294.81933594	773.216491699	228	30737	-30.9004192352
190	4294.38916016	773.346923828	228	30739	-30.0181465149
191	4293.74902344	773.559753418	228	30742	-28.6921272278
192	4289.49023438	775.004699707	228	30762	-28.6921272278
193	4264.49804688	783.23059082	227	30879	-28.6921272278
194	4213.77929688	798.856079102	225	31115	-28.2536010742
195	4144.00048828	818.184631348	223	31437	-28.0291194916
196	4073.42773438	834.352233887	221	31759	-29.3551368713
197	3993.20629883	846.722717285	218	32120	-30.0181465149
198	3900.10668945	856.036010742	214	32554	-30.0181465149
199	3781.45849609	859.707580566	210	-32451	-29.7936630249
200	3633.59106445	854.926452637	205	-31814	-28.472864151
201	3461.95410156	838.23223877	200	-31047	-27.1468467712
202	3273.03027344	805.164978027	194	-30160	-24.5000267029
203	3051.9921875	762.608398438	188	-29193	-17.6558914185
204	2807.10668945	721.77734375	184	-28089	-13.2393083572
205	2539.75463867	666.663696289	180	-26875	-11.9185085297
206	2256.48388672	600.065368652	176	-25531	-9.04720878601
207	1947.38867188	522.607666016	173	-24164	-7.06340026855
208	1651.19104004	437.167449951	170	-22747	-6.61965417862
209	1342.45922852	346.467315674	168	-21362	-4.63062524796
210	1017.73803711	247.925704956	167	-19167	-2.64681744576
211	523.7578125	97.6758728027	165	-17557	-1.76454496384
212	140.754211426	-22.4784259796	164	-15772	-1.76454496384
213	-253.407531738	-152.731872559	164	-13854	-1.76454496384
214	-746.574157715	-322.966369629	163	-11606	-1.32079851627
215	-1177.72961426	-474.340789795	162	-9181	-0.438525944948
216	-1588.43969727	-616.736877441	162	-7641	-0.438525944948
217	-1837.70727539	-710.228881836	161	-6424	-2.86608052254
218	-1995.37353516	-781.599609375	160	-5687	-8.164935112
219	-2108.99731445	-849.623901367	159	-5098	-10.1487436295
220	-2216.58691406	-922.077087402	157	-4521	-12.8007822037
221	-2341.47387695	-1018.25762939	155	-3820	-12.5815191269
222	-2477.83447266	-1133.30432129	152	-3008	-9.92948055267
223	-2636.38085938	-1247.69372559	150	-2128	-5.29363489151
224	-2761.32226562	-1336.64025879	149	-1476	-4.19209957123
225	-2824.7956543	-1381.64367676	149	-1130	-3.97283625603
226	-2841.45800781	-1393.52453613	149	-1039	-3.74835276604
227	-2840.54101562	-1392.87304688	149	-1044	-3.30982708931
228	-2840.72753906	-1392.9987793	149	-1043	-1.10153543949
229	-2840.72485352	-1393.00415039	149	-1044	5.29363489151
230	-2823.43334961	-1386.37023926	149	-1130	16.9928817749
231	-2779.26635742	-1378.34301758	148	-1325	25.3822994232
232	-2706.45996094	-1369.77026367	145	-1651	28.0291194916
233	-2614.28710938	-1355.23388672	142	-2066	27.8098545074
234	-2494.04321289	-1328.37561035	138	-2635	27.5905914307
235	-2340.60693359	-1280.48913574	133	-3329	27.5905914307
236	-2184.15771484	-1215.27502441	127	-4113	27.5905914307
237	-2006.91943359	-1118.71362305	121	-4981	27.5905914307
238	-1822.19421387	-987.57623291	114	-5989	27.8098545074
239	-1636.59863281	-814.645202637	106	-7118	27.8098545074
240	-1468.74902344	-604.245727539	97	-8364	27.8098545074
241	-1320.07702637	-339.71774292	87	-9716	27.8098545074
242	-1218.29284668	-49.1620521545	77	-11038	26.7083187103
243	-1182.60229492	196.14050293	70	-12142	22.954744339
244	-1185.95458984	349.097412109	66	-12823	17.4366283417
245	-1188.09228516	372.065887451	66	-12925	6.83891677856
246	-1154.76123047	293.436553955	66	-12493	-0.438525944948
247	-1062.36828613	105.338516235	66	-11613	-2.64681744576
248	-972.12713623	-56.6845741272	65	-10788	-7.06340026855
249	-887.275695801	-169.112731934	63	-10161	-14.1268005371
250	-757.259887695	-293.598693848	59	-9360	-17.8751525879
251	-535.903076172	-465.921234131	53	-8112	-17.8751525879
252	-262.866882324	-633.320007324	47	-6633	-17.8751525879
253	71.1635894775	-782.978210449	39	-5058	-18.0996379852
254	405.82901001	-879.303039551	31	-3508	-18.9819107056
255	660.71472168	-912.586364746	25	-2364	-20.7464561462
256	835.559143066	-917.631103516	21	-1562	-20.7464561462
257	997.964294434	-910.630432129	17	-863	-20.7464561462
258	1175.72106934	-889.90032959	12	-67	-20.7464561462
259	1344.58850098	-857.248291016	8	726	-20.7464561462
260	1514.68566895	-811.028259277	4	1511	-20.7464561462
261	1682.28625488	-752.194335938	0	2272	-19.6449184418
262	1838.60192871	-701.722839355	357	3003	-9.26647090912
263	1938.97375488	-681.899047852	356	3458	-5.95664453506
264	1970.55432129	-675.832519531	356	3601	-6.17590761185
265	1969.22558594	-676.064758301	356	3595	-2.42755436897
266	1953.28491211	-676.877441406	356	3524	3.74835276604
267	1912.36755371	-676.279785156	355	3342	7.50192642212
268	1844.28515625	-673.515197754	355	3039	7.94567251205
269	1756.39282227	-670.946228027	354	2632	7.94567251205
270	1640.58850098	-669.708312988	353	2112	7.94567251205
271	1498.25695801	-671.609436035	351	1500	7.50192642212
272	1329.79943848	-679.747741699	350	750	7.06340026855
273	1134.51306152	-694.777526855	348	-121	7.06340026855
274	925.922302246	-720.859008789	347	-1056	4.41136264801
275	769.180114746	-752.177001953	346	-1787	2.42755436897
276	673.85723877	-772.143127441	346	-2211	1.76454496384
277	639.684204102	-780.12512207	346	-2357	1.54006147385
278	640.342285156	-779.925415039	346	-2353	2.20307087898
279	640.342285156	-779.925415039	346	-2353	2.20307087898
280	640.342285156	-779.925415039	346	-2353	1.98380792141
281	640.342285156	-779.925415039	346	-2353	1.98380792141
282	640.342285156	-779.925415039	346	-2353	1.98380792141
283	640.342285156	-779.925415039	346	-2353	1.98380792141
284	640.342285156	-779.925415039	346	-2353	1.98380792141
285	640.342285156	-779.925415039	346	-2353	1.98380792141
286	640.342285156	-779.925415039	346	-2353	1.98380792141
287	640.342285156	-779.925415039	346	-2353	1.98380792141
288	640.342285156	-779.925415039	346	-2353	1.98380792141
289	640.342285156	-779.925415039	346	-2353	1.98380792141
290	640.342285156	-779.925415039	346	-2353	1.98380792141
291	640.342285156	-779.925415039	346	-2353	1.98380792141
292	640.342285156	-779.925415039	346	-2353	1.98380792141
293	640.342285156	-779.925415039	346	-2353	1.98380792141
294	640.342285156	-779.925415039	346	-2353	1.98380792141
295	640.342285156	-779.925415039	346	-2353	1.98380792141
296	640.342285156	-779.925415039	346	-2353	1.98380792141
297	640.342285156	-779.925415039	346	-2353	1.98380792141
298	640.342285156	-779.925415039	346	-2353	1.98380792141
299	640.342285156	-779.925415039	346	-2353	1.98380792141
300	640.342285156	-779.925415039	346	-2353	1.98380792141
301	640.342285156	-779.925415039	346	-2353	1.98380792141
302	640.342285156	-779.925415039	346	-2353	1.98380792141
303	640.342285156	-779.925415039	346	-2353	1.98380792141
304	640.342285156	-779.925415039	346	-2353	1.98380792141
305	640.342285156	-779.925415039	346	-2353	1.98380792141
