###Truck route record
###S.No.	VF	VL	Heading	Encoder-Raw	Tiller-Angle
1	0.0	0.0	0	0	5.95664453506
2	0.0	0.0	0	0	5.95664453506
3	0.0	0.0	0	0	5.95664453506
4	0.0	0.0	0	0	5.95664453506
5	0.0	0.0	0	0	5.95664453506
6	0.0	0.0	0	0	5.95664453506
7	0.0	0.0	0	0	5.95664453506
8	0.0	0.0	0	0	5.95664453506
9	0.0	0.0	0	0	5.95664453506
10	0.0	0.0	0	0	5.95664453506
11	0.0	0.0	0	0	5.95664453506
12	0.449488520622	-0.0155758680776	0	2	1.76454496384
13	15.286980629	-0.385633558035	0	74	1.32079851627
14	116.657455444	-3.55148839951	0	519	1.98380792141
15	310.326477051	-11.8504972458	0	1412	1.98380792141
16	496.183685303	-18.6490764618	0	2237	0.882272481918
17	626.589416504	-19.0556869507	0	2788	-1.76454496384
18	704.834350586	-17.6068611145	0	3150	-1.98380792141
19	774.302124023	-15.8562107086	0	3456	-1.98380792141
20	860.177856445	-13.6547327042	0	3842	-1.32079851627
21	953.944702148	-12.4489030838	0	4260	-0.882272481918
22	1053.33520508	-11.358830452	0	4703	-0.657788932323
23	1167.34350586	-10.1733312607	0	5206	-0.657788932323
24	1259.08789062	-9.0893239975	0	5601	-0.657788932323
25	1348.57788086	-7.53656244278	0	6013	-0.882272481918
26	1446.37988281	-5.57643938065	0	6449	-1.10153543949
27	1540.12609863	-3.13377118111	0	6869	-1.10153543949
28	1646.0057373	-0.354014933109	0	7339	-1.10153543949
29	1739.5234375	2.10985994339	0	7753	-0.882272481918
30	1820.9005127	4.41846513748	0	8115	-0.882272481918
31	1908.34277344	6.84047317505	0	8489	-0.882272481918
32	1999.37731934	9.61138439178	0	8906	-0.882272481918
33	2091.31079102	12.3865013123	0	9303	0.0
34	2193.61816406	14.2227516174	0	9774	0.0
35	2285.35839844	15.7510108948	0	10166	0.0
36	2365.85595703	17.1467170715	0	10524	0.0
37	2453.54858398	18.7295570374	0	10944	0.0
38	2562.60253906	20.5580101013	0	11399	0.0
39	2657.49047852	22.2032279968	0	11821	0.0
40	2744.95849609	23.7197914124	0	12224	-0.438525944948
41	2830.16113281	25.88422966	359	12589	-0.438525944948
42	2910.41650391	27.9842090607	359	12959	-0.657788932323
43	3014.03686523	31.2063751221	359	13407	-0.657788932323
44	3112.48242188	34.4053764343	359	13845	-0.657788932323
45	3196.08325195	37.5261154175	359	14231	-0.882272481918
46	3287.76391602	41.0103492737	359	14625	-0.882272481918
47	3387.29077148	45.5403175354	359	15086	-1.10153543949
48	3474.8972168	49.4866256714	359	15458	-1.10153543949
49	3543.85107422	53.0122680664	359	15775	-1.32079851627
50	3617.93603516	57.2129592896	359	16095	-1.54006147385
51	3707.70874023	63.0796394348	358	16522	-1.76454496384
52	3822.12524414	70.791053772	358	17005	-1.76454496384
53	3949.96118164	80.2066345215	358	17599	-1.54006147385
54	4107.38964844	91.9636230469	358	18309	-1.54006147385
55	4254.22167969	103.658340454	357	18932	-1.54006147385
56	4337.13916016	110.570625305	357	19315	-1.54006147385
57	4401.66943359	116.357963562	357	19603	-1.54006147385
58	4489.03320312	123.81602478	357	19994	-1.54006147385
59	4581.71972656	132.913253784	357	20409	-1.76454496384
60	4697.63769531	144.093429565	356	20933	-1.76454496384
61	4841.234375	159.051742554	356	21578	-1.76454496384
62	5007.60742188	176.735626221	356	22298	-1.54006147385
63	5154.70507812	192.787261963	356	22976	-1.32079851627
64	5243.66748047	202.881347656	355	23376	-1.32079851627
65	5319.19824219	211.805725098	355	23719	-1.32079851627
66	5413.47412109	221.970901489	355	24114	-1.32079851627
67	5511.07177734	233.471084595	355	24570	-1.32079851627
68	5623.81445312	247.585159302	355	25107	-1.32079851627
69	5712.65136719	257.98815918	355	25479	-0.438525944948
70	5783.33251953	265.326202393	355	25770	0.0
71	5870.58740234	274.193084717	355	26177	0.0
72	5966.56640625	284.264953613	355	26603	0.0
73	6053.82324219	293.177307129	355	27008	0.0
74	6138.61914062	301.771362305	355	27373	0.0
75	6238.17871094	311.911437988	355	27819	0.0
76	6332.59277344	321.142089844	355	28225	0.0
77	6422.49414062	330.9949646	355	28642	-0.438525944948
78	6515.48144531	340.876068115	355	29060	-0.438525944948
79	6624.10351562	352.951904297	355	29546	-0.438525944948
80	6709.91992188	362.570251465	355	29924	-0.438525944948
81	6773.97949219	370.41104126	354	30212	-1.76454496384
82	6850.82666016	381.07989502	354	30563	-1.76454496384
83	6956.30615234	396.450073242	354	31035	-1.98380792141
84	7051.03564453	410.72769165	354	31445	-1.98380792141
85	7131.70996094	423.191619873	354	31808	-1.98380792141
86	7216.33886719	436.569122314	353	32189	-1.98380792141
87	7308.90966797	452.103668213	353	32621	-1.98380792141
88	7394.98828125	466.982452393	353	33025	-1.98380792141
89	7488.55078125	481.705657959	353	33432	-1.98380792141
90	7587.36425781	499.59085083	352	33983	-1.98380792141
91	7701.15380859	519.203674316	352	34386	-1.98380792141
92	7763.54150391	530.580505371	352	34658	-1.98380792141
93	7830.54003906	542.989135742	352	34961	-1.98380792141
94	7929.09423828	561.602355957	352	35407	-1.98380792141
95	8029.3359375	581.620239258	351	35892	-1.98380792141
96	8125.30419922	599.932556152	351	36313	-1.98380792141
97	8217.44824219	618.519836426	351	36732	-1.98380792141
98	8324.62890625	641.022155762	351	37201	-2.42755436897
99	8401.94433594	658.546508789	350	37564	-2.64681744576
100	8466.1953125	672.60748291	350	37856	-2.64681744576
101	8546.59667969	692.106506348	350	38264	-2.64681744576
102	8661.45996094	718.525634766	350	38738	-2.64681744576
103	8754.52832031	741.223815918	349	39179	-2.64681744576
104	8837.88183594	761.998046875	349	39562	-1.98380792141
105	8938.5703125	784.532592773	349	40041	0.0
106	9052.25292969	806.870239258	349	40536	0.0
107	9144.12695312	825.650146484	349	40951	0.0
108	9230.71777344	843.349121094	349	41345	0.0
109	9334.046875	864.470703125	349	41815	0.0
110	9435.50683594	886.424438477	349	42291	-0.438525944948
111	9538.20996094	907.70300293	349	42727	-0.438525944948
112	9625.43945312	927.422790527	349	43139	-0.657788932323
113	9730.17578125	950.878112793	349	43618	-1.76454496384
114	9814.28222656	971.424560547	348	43998	-1.76454496384
115	9881.27441406	988.110656738	348	44294	-1.98380792141
116	9958.41699219	1007.7588501	348	44648	-1.98380792141
117	10051.4482422	1032.38842773	348	45090	-1.76454496384
118	10141.3769531	1054.7668457	348	45488	-1.76454496384
119	10226.65625	1078.12133789	347	45898	-1.76454496384
120	10324.0283203	1102.94287109	347	46328	-1.54006147385
121	10430.375	1130.9342041	347	46834	-1.32079851627
122	10513.0761719	1152.44519043	347	47197	-1.10153543949
123	10584.0	1171.57714844	347	47533	-1.10153543949
124	10670.109375	1193.71447754	347	47932	-1.10153543949
125	10762.6884766	1218.34191895	347	48361	-1.10153543949
126	10854.7802734	1243.93566895	347	48784	-1.10153543949
127	10950.2890625	1269.80664062	346	49224	-1.10153543949
128	11034.6777344	1291.96875	346	49612	-1.10153543949
129	11110.390625	1311.74829102	346	49959	0.0
130	11199.3105469	1335.3001709	346	50371	0.0
131	11294.9941406	1358.67321777	346	50793	0.219262972474
132	11382.4814453	1380.53991699	346	51194	0.219262972474
133	11464.6708984	1401.34533691	346	51571	0.0
134	11561.4453125	1426.89916992	346	52050	0.0
135	11665.1972656	1452.23132324	346	52491	0.0
136	11747.8076172	1473.19311523	346	52881	0.0
137	11824.5761719	1493.26171875	346	53236	0.219262972474
138	11920.1513672	1516.31860352	346	53660	0.219262972474
139	12009.625	1538.57531738	346	54087	0.219262972474
140	12101.6259766	1558.72277832	347	54503	4.41136264801
141	12191.1416016	1574.56469727	347	55263	4.85510873795
142	12468.0878906	1614.47265625	349	56654	4.85510873795
143	12800.2050781	1649.13903809	352	58412	13.4637908936
144	13104.4736328	1624.68969727	355	59128	13.4637908936
145	13256.4824219	1598.71337891	358	59793	14.7845897675
146	13409.0253906	1558.52246094	0	60480	19.201171875
147	13524.1152344	1518.33764648	2	60965	19.6449184418
148	13598.3525391	1485.72485352	4	61336	19.4204349518
149	13704.5771484	1433.38684082	7	61885	18.7574253082
150	13824.1015625	1376.14660645	10	62423	18.7574253082
151	13916.4804688	1319.01782227	13	63015	18.7574253082
152	14038.0273438	1239.73986816	16	63620	18.7574253082
153	14132.8730469	1173.69384766	18	64070	18.3188991547
154	14201.0292969	1119.94897461	20	64504	18.0996379852
155	14298.4736328	1038.20397949	23	65018	18.0996379852
156	14382.5332031	961.039611816	25	65576	18.0996379852
157	14484.2841797	849.944580078	28	66317	18.3188991547
158	14597.6308594	731.845458984	32	66967	18.3188991547
159	14680.3300781	626.514404297	35	67642	18.3188991547
160	14756.5683594	513.410705566	38	68204	17.2121448517
161	14827.7578125	411.404663086	40	68690	16.9928817749
162	14886.9521484	310.58883667	43	69208	16.9928817749
163	14938.0878906	215.301071167	45	69777	16.9928817749
164	14999.0888672	99.9876480103	47	70254	16.9928817749
165	15040.7246094	4.56501245499	49	70732	16.9928817749
166	15086.1132812	-108.556144714	52	71308	16.9928817749
167	15129.9375	-219.228408813	54	71813	13.6830539703
168	15165.0664062	-310.791381836	56	72221	13.6830539703
169	15201.7666016	-423.147827148	58	72807	13.6830539703
170	15243.3496094	-549.507873535	60	73338	13.6830539703
171	15266.4433594	-632.998596191	61	73755	13.6830539703
172	15291.7246094	-736.527038574	63	74262	13.6830539703
173	15323.0175781	-865.719421387	65	74825	3.30982708931
174	15370.9091797	-986.741821289	65	75371	2.64681744576
175	15409.2822266	-1083.65319824	66	75931	2.86608052254
176	15459.4013672	-1212.84887695	66	76448	2.86608052254
177	15503.0478516	-1337.38671875	66	77080	2.86608052254
178	15539.3945312	-1430.34338379	67	77508	2.86608052254
179	15576.34375	-1514.3515625	67	77898	-2.42755436897
180	15622.4785156	-1621.4777832	66	78429	-2.42755436897
181	15669.671875	-1716.3380127	66	78913	-2.42755436897
182	15720.0976562	-1821.30529785	66	79414	-1.76454496384
183	15774.5878906	-1947.24023438	65	80052	-1.76454496384
184	15828.7490234	-2056.14501953	65	80601	0.0
185	15876.2705078	-2151.13647461	65	81062	0.0
186	15929.5859375	-2266.64477539	65	81595	0.0
187	15970.5595703	-2371.27905273	65	82140	0.0
188	16024.6083984	-2478.37548828	65	82646	0.0
189	16074.2949219	-2595.97607422	65	83186	0.438525944948
190	16116.0966797	-2690.89770508	65	83689	0.882272481918
191	16154.2861328	-2777.54052734	66	84076	0.882272481918
192	16194.5673828	-2872.75268555	66	84556	1.10153543949
193	16239.40625	-2984.38378906	66	85096	1.10153543949
194	16286.6201172	-3099.88745117	66	85686	1.32079851627
195	16332.2382812	-3207.99365234	66	86157	0.657788932323
196	16372.3466797	-3310.48925781	66	86742	0.0
197	16432.2480469	-3440.24023438	66	87277	0.0
198	16472.7265625	-3533.80419922	66	87713	0.0
199	16510.8027344	-3622.82421875	66	88177	0.0
200	16561.6015625	-3740.55371094	66	88747	0.0
201	16605.9921875	-3846.31323242	66	89238	0.219262972474
202	16647.125	-3941.21801758	66	89716	1.10153543949
203	16694.3398438	-4067.94604492	66	90355	1.10153543949
204	16749.1230469	-4191.60595703	67	90899	1.32079851627
205	16783.9335938	-4282.85253906	67	91349	0.0
206	16828.4667969	-4388.734375	67	91891	-1.54006147385
207	16885.7304688	-4508.02636719	66	92421	-1.76454496384
208	16926.2617188	-4609.50244141	67	92914	5.73738098145
209	16942.1992188	-4661.20019531	67	93131	6.17590761185
210	16942.515625	-4660.76855469	67	93128	6.17590761185
211	16942.640625	-4661.20019531	67	93130	6.17590761185
212	16942.640625	-4661.20019531	67	93130	6.17590761185
213	16942.640625	-4661.20019531	67	93130	6.17590761185
214	16942.640625	-4661.20019531	67	93130	6.17590761185
215	16942.640625	-4661.20019531	67	93130	6.17590761185
216	16942.640625	-4661.20019531	67	93130	6.17590761185
217	16942.640625	-4661.20019531	67	93130	6.17590761185
218	16942.640625	-4661.20019531	67	93130	6.17590761185
219	16942.640625	-4661.20019531	67	93130	6.17590761185
220	16942.640625	-4661.20019531	67	93130	5.95664453506
221	16942.640625	-4661.20019531	67	93130	6.17590761185
222	16942.640625	-4661.20019531	67	93130	6.17590761185
223	16942.640625	-4661.20019531	67	93130	5.95664453506
224	16942.640625	-4661.20019531	67	93130	6.17590761185
225	16942.640625	-4661.20019531	67	93130	6.17590761185
226	16942.640625	-4661.20019531	67	93130	6.17590761185
227	16942.640625	-4661.20019531	67	93130	6.17590761185
228	16942.640625	-4661.20019531	67	93130	6.17590761185
229	16942.640625	-4661.20019531	67	93130	6.17590761185
230	16942.640625	-4661.20019531	67	93130	6.17590761185
231	16942.640625	-4661.20019531	67	93130	6.17590761185
232	16942.640625	-4661.20019531	67	93130	6.17590761185
233	16942.640625	-4661.20019531	67	93130	6.17590761185
234	16942.640625	-4661.20019531	67	93130	6.17590761185
235	16942.640625	-4661.20019531	67	93130	6.17590761185
236	16942.640625	-4661.20019531	67	93130	6.17590761185
237	16942.640625	-4661.20019531	67	93130	6.17590761185
238	16942.640625	-4661.20019531	67	93130	6.17590761185
239	16942.640625	-4661.20019531	67	93130	6.17590761185
240	16942.640625	-4661.20019531	67	93130	6.17590761185
241	16942.640625	-4661.20019531	67	93130	6.17590761185
242	16942.640625	-4661.20019531	67	93130	6.17590761185
243	16942.640625	-4661.20019531	67	93130	6.17590761185
244	16942.640625	-4661.20019531	67	93130	6.17590761185
245	16942.640625	-4661.20019531	67	93130	6.17590761185
246	16942.640625	-4661.20019531	67	93130	6.17590761185
247	16942.640625	-4661.20019531	67	93130	6.17590761185
248	16942.640625	-4661.20019531	67	93130	6.17590761185
249	16942.640625	-4661.20019531	67	93130	6.17590761185
250	16942.640625	-4661.20019531	67	93130	6.17590761185
251	16942.640625	-4661.20019531	67	93130	6.17590761185
252	16942.640625	-4661.20019531	67	93130	6.17590761185
253	16942.640625	-4661.20019531	67	93130	6.17590761185
254	16942.640625	-4661.20019531	67	93130	6.17590761185
255	16942.640625	-4661.20019531	67	93130	6.17590761185
256	16942.640625	-4661.20019531	67	93130	6.17590761185
257	16942.640625	-4661.20019531	67	93130	6.17590761185
258	16942.640625	-4661.20019531	67	93130	6.17590761185
259	16942.640625	-4661.20019531	67	93130	6.17590761185
260	16942.640625	-4661.20019531	67	93130	6.17590761185
261	16942.640625	-4661.20019531	67	93130	6.17590761185
262	16942.640625	-4661.20019531	67	93130	6.17590761185
263	16942.640625	-4661.20019531	67	93130	6.17590761185
264	16942.640625	-4661.20019531	67	93130	6.17590761185
265	16942.640625	-4661.20019531	67	93130	6.17590761185
266	16942.640625	-4661.20019531	67	93130	6.17590761185
267	16942.640625	-4661.20019531	67	93130	6.17590761185
268	16942.640625	-4661.20019531	67	93130	6.17590761185
269	16942.640625	-4661.20019531	67	93130	6.17590761185
270	16942.640625	-4661.20019531	67	93130	6.17590761185
271	16942.640625	-4661.20019531	67	93130	6.17590761185
272	16942.640625	-4661.20019531	67	93130	6.17590761185
273	16942.640625	-4661.20019531	67	93130	6.17590761185
274	16942.640625	-4661.20019531	67	93130	6.17590761185
275	16942.640625	-4661.20019531	67	93130	6.17590761185
276	16942.640625	-4661.20019531	67	93130	6.17590761185
277	16942.640625	-4661.20019531	67	93130	6.17590761185
278	16942.640625	-4661.20019531	67	93130	6.17590761185
279	16942.640625	-4661.20019531	67	93130	6.17590761185
280	16942.640625	-4661.20019531	67	93130	6.17590761185
281	16942.640625	-4661.20019531	67	93130	6.17590761185
282	16942.640625	-4661.20019531	67	93130	6.17590761185
283	16942.640625	-4661.20019531	67	93130	6.17590761185
284	16942.640625	-4661.20019531	67	93130	6.17590761185
285	16942.640625	-4661.20019531	67	93130	6.17590761185
286	16942.640625	-4661.20019531	67	93130	6.17590761185
287	16942.640625	-4661.20019531	67	93130	6.17590761185
288	16942.640625	-4661.20019531	67	93130	6.17590761185
289	16942.640625	-4661.20019531	67	93130	6.17590761185
290	16942.640625	-4661.20019531	67	93130	6.17590761185
291	16942.640625	-4661.20019531	67	93130	6.17590761185
292	16942.640625	-4661.20019531	67	93130	6.17590761185
293	16942.640625	-4661.20019531	67	93130	6.17590761185
294	16942.640625	-4661.20019531	67	93130	6.17590761185
295	16942.640625	-4661.20019531	67	93130	6.17590761185
296	16942.640625	-4661.20019531	67	93130	6.17590761185
297	16942.640625	-4661.20019531	67	93130	6.17590761185
298	16942.640625	-4661.20019531	67	93130	6.17590761185
299	16942.640625	-4661.20019531	67	93130	6.17590761185
300	16942.640625	-4661.20019531	67	93130	6.17590761185
301	16942.640625	-4661.20019531	67	93130	6.17590761185
302	16942.640625	-4661.20019531	67	93130	6.17590761185
303	16942.640625	-4661.20019531	67	93130	6.17590761185
304	16942.640625	-4661.20019531	67	93130	6.17590761185
305	16942.640625	-4661.20019531	67	93130	6.17590761185
306	16942.640625	-4661.20019531	67	93130	6.17590761185
307	16942.640625	-4661.20019531	67	93130	6.17590761185
308	16942.640625	-4661.20019531	67	93130	6.17590761185
309	16942.640625	-4661.20019531	67	93130	6.17590761185
310	16942.640625	-4661.20019531	67	93130	6.17590761185
311	16942.640625	-4661.20019531	67	93130	6.17590761185
312	16942.640625	-4661.20019531	67	93130	6.17590761185
313	16942.640625	-4661.20019531	67	93130	6.17590761185
314	16942.640625	-4661.20019531	67	93130	6.17590761185
315	16942.640625	-4661.20019531	67	93130	6.17590761185
316	16942.640625	-4661.20019531	67	93130	6.17590761185
317	16942.640625	-4661.20019531	67	93130	6.17590761185
318	16942.640625	-4661.20019531	67	93130	6.17590761185
319	16942.640625	-4661.20019531	67	93130	6.17590761185
320	16942.640625	-4661.20019531	67	93130	6.17590761185
321	16942.640625	-4661.20019531	67	93130	6.17590761185
322	16942.640625	-4661.20019531	67	93130	6.17590761185
323	16942.640625	-4661.20019531	67	93130	6.17590761185
324	16942.640625	-4661.20019531	67	93130	6.17590761185
325	16942.640625	-4661.20019531	67	93130	6.17590761185
326	16942.640625	-4661.20019531	67	93130	6.17590761185
327	16942.640625	-4661.20019531	67	93130	6.17590761185
328	16942.640625	-4661.20019531	67	93130	6.17590761185
329	16942.640625	-4661.20019531	67	93130	6.17590761185
330	16942.640625	-4661.20019531	67	93130	6.17590761185
331	16942.640625	-4661.20019531	67	93130	6.17590761185
332	16942.640625	-4661.20019531	67	93130	6.17590761185
333	16942.640625	-4661.20019531	67	93130	6.17590761185
