###Truck route record
###S.No.	VF	VL	Heading	Encoder-Raw	Tiller-Angle
1	0.0	0.0	0	0	1.76454496384
2	0.0	0.0	0	0	1.76454496384
3	0.0	0.0	0	0	1.76454496384
4	0.0	0.0	0	0	1.76454496384
5	0.0	0.0	0	0	1.76454496384
6	0.0	0.0	0	0	1.54006147385
7	0.0	0.0	0	0	1.54006147385
8	0.0	0.0	0	0	1.76454496384
9	0.0	0.0	0	0	1.76454496384
10	0.0	0.0	0	0	1.76454496384
11	0.0	0.0	0	0	1.76454496384
12	0.0	0.0	0	0	1.76454496384
13	0.0	0.0	0	0	1.76454496384
14	0.0	0.0	0	0	1.76454496384
15	0.0	0.0	0	0	1.54006147385
16	0.0	0.0	0	0	1.54006147385
17	0.0	0.0	0	0	1.76454496384
18	2.24773836136	-0.0693508759141	0	10	1.76454496384
19	22.2526054382	-0.686216771603	0	99	1.54006147385
20	75.3122024536	-1.7985419035	0	335	0.882272481918
21	181.662658691	-3.76399827003	0	808	0.882272481918
22	351.634735107	-7.34465646744	0	1564	0.882272481918
23	585.213684082	-13.1451721191	0	2603	0.882272481918
24	877.204284668	-21.826915741	0	3949	0.882272481918
25	1170.29614258	-31.2024707794	1	5247	0.0
26	1427.77416992	-32.2195854187	0	6388	-1.32079851627
27	1655.32653809	-28.8717956543	0	7363	-1.76454496384
28	1869.11340332	-23.0443706512	0	8342	-1.98380792141
29	2061.90429688	-15.5049877167	0	9172	-1.98380792141
30	2271.50341797	-5.6550693512	0	10139	-1.76454496384
31	2524.60522461	7.06321620941	359	11232	-1.76454496384
32	2776.18432617	23.0717506409	358	12396	-1.98380792141
33	3059.21582031	43.9277687073	358	13663	-1.76454496384
34	3350.5559082	68.1258468628	357	14960	-1.76454496384
35	3650.34448242	96.3514099121	357	16254	-1.76454496384
36	3930.83422852	127.567871094	356	17561	-2.20307087898
37	4219.29003906	165.536972046	355	18848	-2.20307087898
38	4506.34521484	205.982894897	354	20138	-2.86608052254
39	4795.70996094	252.082015991	353	21395	-1.54006147385
40	5081.31103516	297.515899658	353	22728	-2.20307087898
41	5366.30078125	351.653320312	352	24020	-2.86608052254
42	5649.63525391	410.689727783	351	25303	-2.64681744576
43	5932.18457031	474.391693115	350	26592	-2.86608052254
44	6215.39501953	549.584838867	349	27892	-3.97283625603
45	6503.20556641	634.481628418	347	29184	-4.85510873795
46	6771.54345703	738.739868164	345	30505	-7.72118902206
47	7040.05761719	868.680236816	342	31831	-9.92948055267
48	7293.14941406	1018.07476807	338	33136	-10.1487436295
49	7571.66552734	1219.70581055	334	34662	-13.2393083572
50	7791.45166016	1429.57910156	328	36200	-14.5653266907
51	8014.078125	1680.98205566	323	37485	-14.1268005371
52	8183.25488281	1917.36218262	318	38826	-14.1268005371
53	8337.87890625	2179.02929688	313	40130	-14.1268005371
54	8464.35742188	2442.76049805	308	41431	-13.9023170471
55	8568.5625	2714.37744141	303	42725	-13.4637908936
56	8653.66210938	2993.05737305	298	44021	-13.0200443268
57	8716.53613281	3274.33935547	294	45303	-13.0200443268
58	8755.67675781	3563.03564453	289	46599	-13.6830539703
59	8769.21875	3852.28295898	285	47887	-13.6830539703
60	8757.34179688	4160.71679688	280	49305	-13.6830539703
61	8721.22167969	4450.28417969	275	50604	-13.6830539703
62	8662.30957031	4743.88818359	270	51938	-12.8007822037
63	8583.01953125	5043.25732422	265	53270	-11.4747619629
64	8492.57714844	5320.83056641	262	54569	-10.1487436295
65	8387.98046875	5595.08691406	258	55916	-9.26647090912
66	8269.57421875	5875.34863281	255	57270	-7.50192642212
67	8143.90771484	6162.29199219	252	58615	-6.17590761185
68	8013.20117188	6436.52441406	250	59966	-6.40039110184
69	7865.97802734	6703.73779297	248	61323	-7.94567251205
70	7706.62695312	6960.81689453	245	62668	-6.17590761185
71	7544.38378906	7214.47070312	243	64007	-5.95664453506
72	7365.53027344	7459.06982422	240	65402	-9.26647090912
73	7160.1875	7687.83300781	236	66797	-12.3570356369
74	6920.16845703	7886.71777344	231	68137	-14.3460636139
75	6659.40820312	8053.14892578	226	69480	-15.0090732574
76	6388.83544922	8192.00585938	220	70833	-15.4475984573
77	6107.36181641	8309.28808594	215	72279	-14.1268005371
78	5797.46386719	8402.93554688	209	73628	-14.1268005371
79	5486.65625	8468.38378906	204	75041	-14.3460636139
80	5172.27246094	8506.29296875	199	76497	-13.4637908936
81	4854.234375	8519.44335938	194	77865	-12.8007822037
82	4493.20361328	8505.16796875	188	79572	-12.1377725601
83	4168.80175781	8467.6640625	183	80975	-11.9185085297
84	3857.64038086	8407.15039062	179	82431	-12.3570356369
85	3547.9609375	8312.27734375	174	83825	-13.4637908936
86	3268.86523438	8197.109375	169	85166	-13.4637908936
87	2999.14941406	8052.58740234	164	86517	-13.4637908936
88	2731.26464844	7899.51660156	160	87853	-9.92948055267
89	2470.76733398	7748.0390625	157	89193	-7.06340026855
90	2209.35375977	7593.70263672	155	90543	-3.30982708931
91	1940.59814453	7454.5078125	154	91889	-0.438525944948
92	1670.41796875	7318.5390625	154	93234	-0.882272481918
93	1404.50427246	7176.31933594	154	94575	-1.76454496384
94	1104.64599609	6994.21875	153	96724	-1.32079851627
95	662.734619141	6745.23388672	152	98739	-0.882272481918
96	293.679473877	6541.50830078	152	100387	-1.10153543949
97	2.46415996552	6361.42236328	151	101980	-1.10153543949
98	-296.421844482	6203.95751953	151	103336	-1.54006147385
99	-557.746276855	6036.765625	150	104750	-1.32079851627
100	-838.241149902	5866.67138672	150	106213	0.0
101	-1120.83679199	5704.27001953	150	107575	-0.438525944948
102	-1392.5435791	5535.85009766	150	109031	0.0
103	-1662.59899902	5378.12304688	150	110437	-0.438525944948
104	-1942.05969238	5204.23925781	150	111932	0.0
105	-2210.31640625	5048.77832031	150	113278	0.0
106	-2479.28662109	4880.03417969	149	115173	0.0
107	-3029.6809082	4418.61279297	148	120207	-2.20307087898
108	-4372.00585938	3511.52124023	146	127250	-2.42755436897
109	-5430.41015625	2787.5703125	142	131032	-7.94567251205
110	-5774.09375	2325.16625977	134	133537	-15.8913450241
111	-6005.83984375	1806.15673828	124	136136	-12.8007822037
112	-6168.08056641	1358.10656738	117	138087	-14.5653266907
113	-6222.80029297	994.505737305	110	139771	-16.9928817749
114	-6213.69433594	621.184020996	102	141645	-18.9819107056
115	-6089.63574219	92.9497756958	90	143805	-20.7464561462
116	-5910.96728516	-257.862304688	80	145555	-21.6287269592
117	-5661.6171875	-632.813049316	68	147717	-19.201171875
118	-5336.09619141	-939.515441895	59	149813	-14.7845897675
119	-5021.09814453	-1204.10852051	52	151439	-14.5653266907
120	-4765.61328125	-1411.63330078	46	153107	-15.0090732574
121	-4459.21728516	-1551.56408691	41	154310	-13.4637908936
122	-4232.41894531	-1655.88500977	37	155325	-11.2554998398
123	-4028.17919922	-1764.55871582	34	156732	-6.61965417862
124	-3652.27954102	-1942.57531738	31	158412	-5.73738098145
125	-3308.1340332	-2098.38647461	29	160397	-4.19209957123
126	-2802.85961914	-2317.26538086	26	162623	-2.64681744576
127	-2405.28637695	-2506.58544922	25	164746	-1.98380792141
128	-1865.84899902	-2694.16333008	23	167524	-7.94567251205
129	-1230.42333984	-2801.02783203	11	171407	-8.82794570923
130	-532.710327148	-2809.0769043	7	172917	-8.164935112
131	-227.926834106	-2793.46411133	4	174403	-8.38419914246
132	145.010742188	-2743.47583008	0	175949	-10.811753273
133	434.736022949	-2664.66308594	356	177490	-13.0200443268
134	802.218078613	-2536.00683594	350	179062	-13.0200443268
135	1086.91210938	-2396.36694336	345	180471	-13.4637908936
136	1356.04882812	-2229.72192383	340	181749	-14.5653266907
137	1580.64233398	-2048.83911133	335	183073	-16.5543556213
138	1778.75012207	-1815.59423828	328	184570	-19.4204349518
139	1973.92700195	-1554.72583008	320	185842	-19.6449184418
140	2097.66552734	-1324.45898438	315	187035	-19.201171875
141	2184.07543945	-1118.72265625	309	188139	-11.6940259933
142	2257.8215332	-988.629821777	308	188677	-3.52908992767
143	2307.75439453	-919.631469727	308	189050	1.32079851627
144	2370.60791016	-842.09161377	308	189514	0.219262972474
145	2458.70117188	-724.346740723	308	190177	-2.42755436897
146	2545.00048828	-601.954956055	307	190835	-2.64681744576
147	2625.57910156	-486.299987793	307	191468	1.10153543949
148	2714.68139648	-376.285095215	308	192119	3.0853433609
149	2816.35668945	-252.788574219	308	192840	2.20307087898
150	2919.27807617	-134.195846558	309	193487	2.64681744576
151	3027.12939453	-10.2622480392	309	194240	0.438525944948
152	3111.1953125	100.994674683	309	194849	-3.97283625603
153	3154.14160156	159.934646606	309	195139	-4.63062524796
154	3154.76098633	159.934677124	309	195138	-4.63062524796
155	3155.13256836	160.497680664	309	195139	-4.63062524796
156	3155.13256836	160.497680664	309	195139	-4.85510873795
157	3155.13256836	160.497680664	309	195139	-3.30982708931
158	3155.13256836	160.497680664	309	195139	-0.882272481918
159	3155.13256836	160.497680664	309	195139	-1.98380792141
160	3155.13256836	160.497680664	309	195139	-8.164935112
161	3155.13256836	160.497680664	309	195139	-10.5924901962
162	3159.24072266	169.358322144	308	195192	-12.3570356369
163	3178.77880859	210.968582153	308	195400	-10.1487436295
164	3188.41748047	227.879165649	308	195473	-1.54006147385
165	3187.62158203	226.973907471	308	195468	1.54006147385
166	3187.76245117	227.149139404	308	195469	1.76454496384
167	3187.76245117	227.149139404	308	195469	1.54006147385
168	3187.76245117	227.149139404	308	195469	1.54006147385
169	3187.76245117	227.149139404	308	195469	1.54006147385
170	3187.76245117	227.149139404	308	195469	1.76454496384
171	3187.76245117	227.149139404	308	195469	1.76454496384
