72.0394668579	59628.3085938
72.0394668579	59628.3085938
72.0394668579	59628.3085938
72.0394668579	59628.3085938
72.0394668579	59628.3085938
72.0394668579	59628.3085938
72.0394668579	59628.3085938
72.0394668579	59628.3085938
72.0394668579	59628.3085938
72.0394668579	59628.3085938
72.0394668579	59628.3085938
72.0394668579	59628.3085938
72.0394668579	59628.3085938
72.0394668579	59628.3085938
72.0394668579	59628.3085938
72.0394668579	59628.3085938
72.0394668579	59628.3085938
72.0394668579	59628.3085938
72.0394668579	59628.3085938
72.0394668579	59628.3085938
72.0394668579	59628.3085938
72.0394668579	59628.3085938
72.0394668579	59628.3085938
72.0394668579	59628.3085938
72.0394668579	59628.3085938
72.0394668579	59628.3085938
72.0394668579	59628.3085938
72.0394668579	59628.3085938
73.0402374268	59638.1054688
86.7313995361	59774.5273438
108.43813324	59978.65625
135.419128418	60150.5351562
177.433135986	60335.875
227.220153809	60507.0429688
272.207946777	60632.7070312
316.027923584	60779.5195312
356.827697754	60948.8359375
375.019836426	61073.5585938
378.15725708	61120.3203125
378.316864014	61122.9921875
378.333465576	61123.2148438
379.147338867	61134.3476562
385.7605896	61224.4414062
401.156829834	61321.1679688
411.255371094	61373.9335938
412.981079102	61383.2460938
412.894775391	61382.5898438
412.894775391	61382.5898438
412.894775391	61382.5898438
412.894775391	61382.5898438
416.613189697	61400.5273438
442.113342285	61523.484375
466.781219482	61637.4960938
484.210968018	61720.1640625
524.630737305	61916.9726562
600.344177246	62260.8632812
690.311340332	62623.4765625
787.74987793	62994.3125
896.742675781	63396.5507812
1010.01599121	63823.0859375
1136.81066895	64274.7890625
1284.91638184	64788.9960938
1455.44824219	65279.53125
1655.78833008	65789.890625
1858.63623047	66264.140625
2036.63098145	66705.1953125
2201.98657227	67110.359375
2364.96459961	67495.6328125
2537.9074707	67901.8046875
2726.1159668	68328.4765625
2926.71240234	68780.1953125
3150.81567383	69252.703125
3409.43701172	69735.0703125
3702.62719727	70220.890625
4013.45703125	70704.875
4313.65136719	71153.421875
4624.60009766	71545.0
4966.83837891	71836.171875
5365.67431641	72024.359375
5830.40771484	72089.75
6264.34667969	72025.890625
6683.47265625	71883.34375
7063.22900391	71656.8359375
7391.90625	71364.8515625
7703.00048828	71048.4140625
7984.35546875	70713.40625
8255.5546875	70368.4921875
8550.82226562	70011.0234375
8799.83886719	69569.4296875
9050.25488281	69203.4140625
9296.64550781	68837.0390625
9516.80957031	68493.125
9713.78320312	68171.46875
9887.72460938	67869.609375
10052.796875	67568.5859375
10220.3085938	67244.328125
10390.734375	66889.6328125
10561.0947266	66506.90625
10732.2539062	66097.2734375
10898.0634766	65677.0234375
11040.9873047	65239.1757812
11075.6630859	64760.4257812
10979.7363281	64280.1445312
10824.8730469	63827.2226562
10643.7490234	63405.5507812
10358.8710938	63071.5664062
9997.16210938	62796.7890625
9538.91503906	62570.8125
9111.89160156	62392.6601562
8756.40722656	62231.1992188
8419.92773438	62092.15625
8058.11962891	61956.484375
7666.86669922	61824.6679688
7246.07714844	61703.3398438
6783.71240234	61601.5429688
6297.72363281	61525.0117188
5798.00537109	61473.9804688
5288.85791016	61443.9960938
4774.94775391	61432.6601562
4288.23046875	61449.7226562
3819.25170898	61489.5195312
3355.77319336	61550.4960938
2896.17993164	61633.1132812
2399.28173828	61749.9453125
1956.27636719	61906.25
1529.13513184	62105.1210938
1116.71508789	62360.7304688
716.012023926	62682.7148438
325.949920654	63080.1484375
-51.7828140259	63530.6835938
-413.289489746	63996.46875
-765.174072266	64498.890625
-1055.41162109	65060.2304688
-1253.36865234	65668.25
-1312.38085938	66237.7734375
-1307.61608887	66745.9921875
-1254.4543457	67223.7421875
-1163.59667969	67736.0390625
-1019.76989746	68197.2109375
-810.62121582	68659.203125
-547.868041992	69128.34375
-173.841094971	69662.71875
136.299835205	70174.7890625
430.984039307	70580.5703125
766.922485352	70988.453125
1136.95629883	71425.25
1508.34033203	71801.15625
1919.22790527	72117.6171875
2370.22998047	72277.015625
2802.90258789	72287.46875
3138.36474609	72227.34375
3456.00170898	72123.0703125
3787.10473633	71963.3203125
4031.37475586	71788.7265625
4189.99951172	71634.3359375
4281.26660156	71528.78125
4353.56738281	71435.703125
4440.30712891	71319.4296875
4508.50195312	71233.7578125
4538.63427734	71196.6953125
4540.66259766	71194.421875
4540.31542969	71194.703125
4540.83837891	71194.28125
4540.83837891	71194.28125
4540.83837891	71194.28125
4540.83837891	71194.28125
4540.83837891	71194.28125
4540.83837891	71194.28125
4540.83837891	71194.28125
4540.83837891	71194.28125
4540.83837891	71194.28125
4540.83837891	71194.28125
4540.83837891	71194.28125
4540.83837891	71194.28125
4540.83837891	71194.28125
4540.83837891	71194.28125
4540.83837891	71194.28125
4540.83837891	71194.28125
4540.83837891	71194.28125
4540.83837891	71194.28125
4540.83837891	71194.28125
4540.83837891	71194.28125
4540.83837891	71194.28125
4540.83837891	71194.28125
4540.83837891	71194.28125
4540.83837891	71194.28125
4540.83837891	71194.28125
4540.83837891	71194.28125
4540.83837891	71194.28125
4540.83837891	71194.28125
4540.83837891	71194.28125
4540.83837891	71194.28125
4540.83837891	71194.28125
4540.83837891	71194.28125
4540.83837891	71194.28125
4540.83837891	71194.28125
4540.83837891	71194.28125
4540.83837891	71194.28125
4540.83837891	71194.28125
4540.83837891	71194.28125
4540.83837891	71194.28125
4540.83837891	71194.28125
4540.83837891	71194.28125
4540.83837891	71194.28125
4540.83837891	71194.28125
4540.83837891	71194.28125
4540.83837891	71194.28125
4540.83837891	71194.28125
4540.83837891	71194.28125
4540.83837891	71194.28125
4540.83837891	71194.28125
4540.83837891	71194.28125
4540.83837891	71194.28125
4540.83837891	71194.28125
4540.83837891	71194.28125
4540.83837891	71194.28125
4540.83837891	71194.28125
4540.83837891	71194.28125
4540.83837891	71194.28125
4540.83837891	71194.28125
4540.83837891	71194.28125
4540.83837891	71194.28125
4540.83837891	71194.28125
4540.83837891	71194.28125
4540.83837891	71194.28125
4540.83837891	71194.28125
4540.83837891	71194.28125
4540.83837891	71194.28125
4540.83837891	71194.28125
4540.83837891	71194.28125
4540.83837891	71194.28125
4540.83837891	71194.28125
4540.83837891	71194.28125
4540.83837891	71194.28125
4540.83837891	71194.28125
4540.83837891	71194.28125
4540.83837891	71194.28125
4540.83837891	71194.28125
4540.83837891	71194.28125
4540.83837891	71194.28125
4540.83837891	71194.28125
4540.83837891	71194.28125
4540.83837891	71194.28125
4540.83837891	71194.28125
4540.83837891	71194.28125
4540.83837891	71194.28125
4540.83837891	71194.28125
4540.83837891	71194.28125
4540.83837891	71194.28125
4540.83837891	71194.28125
4540.83837891	71194.28125
4540.83837891	71194.28125
4540.83837891	71194.28125
4540.83837891	71194.28125
4540.83837891	71194.28125
4540.83837891	71194.28125
4540.83837891	71194.28125
4540.83837891	71194.28125
4540.83837891	71194.28125
4540.83837891	71194.28125
4540.83837891	71194.28125
4540.83837891	71194.28125
4540.83837891	71194.28125
4540.83837891	71194.28125
4540.83837891	71194.28125
4540.83837891	71194.28125
4540.83837891	71194.28125
4540.83837891	71194.28125
4540.83837891	71194.28125
4540.83837891	71194.28125
4540.83837891	71194.28125
4540.83837891	71194.28125
4540.83837891	71194.28125
4540.83837891	71194.28125
4540.83837891	71194.28125
4540.83837891	71194.28125
4540.83837891	71194.28125
4540.83837891	71194.28125
4540.83837891	71194.28125
4540.83837891	71194.28125
4540.83837891	71194.28125
4540.83837891	71194.28125
4540.83837891	71194.28125
4540.83837891	71194.28125
4540.83837891	71194.28125
4540.83837891	71194.28125
4540.83837891	71194.28125
4540.83837891	71194.28125
4540.83837891	71194.28125
4540.83837891	71194.28125
4540.83837891	71194.28125
4540.83837891	71194.28125
4540.83837891	71194.28125
4540.83837891	71194.28125
4540.83837891	71194.28125
4540.83837891	71194.28125
4540.83837891	71194.28125
4540.83837891	71194.28125
4540.83837891	71194.28125
4540.83837891	71194.28125
4540.83837891	71194.28125
4540.83837891	71194.28125
4540.83837891	71194.28125
4540.83837891	71194.28125
4540.83837891	71194.28125
4540.83837891	71194.28125
4540.83837891	71194.28125
4540.83837891	71194.28125
4540.83837891	71194.28125
4540.83837891	71194.28125
4540.83837891	71194.28125
4540.83837891	71194.28125
4540.83837891	71194.28125
4540.83837891	71194.28125
4540.83837891	71194.28125
4540.83837891	71194.28125
4540.83837891	71194.28125
4540.83837891	71194.28125
4540.83837891	71194.28125
4540.83837891	71194.28125
4540.83837891	71194.28125
4540.83837891	71194.28125
4540.83837891	71194.28125
4540.83837891	71194.28125
4540.83837891	71194.28125
4540.83837891	71194.28125
4540.83837891	71194.28125
4540.83837891	71194.28125
4540.83837891	71194.28125
4540.83837891	71194.28125
4540.83837891	71194.28125
4540.83837891	71194.28125
4540.83837891	71194.28125
4540.83837891	71194.28125
4540.83837891	71194.28125
4540.83837891	71194.28125
4540.83837891	71194.28125
4540.83837891	71194.28125
4540.83837891	71194.28125
4540.83837891	71194.28125
4540.83837891	71194.28125
4540.83837891	71194.28125
4540.83837891	71194.28125
4540.83837891	71194.28125
4540.83837891	71194.28125
4540.83837891	71194.28125
4540.83837891	71194.28125
4540.83837891	71194.28125
4540.83837891	71194.28125
4540.83837891	71194.28125
4540.83837891	71194.28125
4540.83837891	71194.28125
4540.83837891	71194.28125
4540.83837891	71194.28125
4540.83837891	71194.28125
4540.83837891	71194.28125
4540.83837891	71194.28125
4540.83837891	71194.28125
4540.83837891	71194.28125
4540.83837891	71194.28125
4540.83837891	71194.28125
4540.83837891	71194.28125
4540.83837891	71194.28125
4540.83837891	71194.28125
4540.83837891	71194.28125
4540.83837891	71194.28125
4540.83837891	71194.28125
4540.83837891	71194.28125
4540.83837891	71194.28125
4540.83837891	71194.28125
4540.83837891	71194.28125
4540.83837891	71194.28125
4540.83837891	71194.28125
4540.83837891	71194.28125
4540.83837891	71194.28125
4540.83837891	71194.28125
4540.83837891	71194.28125
4540.83837891	71194.28125
4540.83837891	71194.28125
4540.83837891	71194.28125
4540.83837891	71194.28125
4540.83837891	71194.28125
4540.83837891	71194.28125
4540.83837891	71194.28125
4540.83837891	71194.28125
4540.83837891	71194.28125
4540.83837891	71194.28125
4540.83837891	71194.28125
4540.83837891	71194.28125
4540.83837891	71194.28125
4540.83837891	71194.28125
4540.83837891	71194.28125
4540.83837891	71194.28125
4540.83837891	71194.28125
4540.83837891	71194.28125
4540.83837891	71194.28125
4540.83837891	71194.28125
4540.83837891	71194.28125
4540.83837891	71194.28125
4540.83837891	71194.28125
4540.83837891	71194.28125
4540.83837891	71194.28125
4540.83837891	71194.28125
4540.83837891	71194.28125
4540.83837891	71194.28125
4540.83837891	71194.28125
4540.83837891	71194.28125
4540.83837891	71194.28125
4540.83837891	71194.28125
4540.83837891	71194.28125
4540.83837891	71194.28125
4540.83837891	71194.28125
4540.83837891	71194.28125
4540.83837891	71194.28125
4540.83837891	71194.28125
4540.83837891	71194.28125
4540.83837891	71194.28125
4540.83837891	71194.28125
4540.83837891	71194.28125
4540.83837891	71194.28125
4540.83837891	71194.28125
4540.83837891	71194.28125
4540.83837891	71194.28125
4540.83837891	71194.28125
4540.83837891	71194.28125
4540.83837891	71194.28125
4540.83837891	71194.28125
4540.83837891	71194.28125
4540.83837891	71194.28125
4540.83837891	71194.28125
4540.83837891	71194.28125
4540.83837891	71194.28125
4540.83837891	71194.28125
4540.83837891	71194.28125
4540.83837891	71194.28125
4540.83837891	71194.28125
4540.83837891	71194.28125
4540.83837891	71194.28125
4540.83837891	71194.28125
4540.83837891	71194.28125
4540.83837891	71194.28125
4540.83837891	71194.28125
4540.83837891	71194.28125
4540.83837891	71194.28125
4540.83837891	71194.28125
4540.83837891	71194.28125
4540.83837891	71194.28125
4540.83837891	71194.28125
4540.83837891	71194.28125
4540.83837891	71194.28125
4540.83837891	71194.28125
4540.83837891	71194.28125
4540.83837891	71194.28125
4540.83837891	71194.28125
4540.83837891	71194.28125
4540.83837891	71194.28125
4540.83837891	71194.28125
4540.83837891	71194.28125
4540.83837891	71194.28125
4540.83837891	71194.28125
4540.83837891	71194.28125
4540.83837891	71194.28125
4540.83837891	71194.28125
4540.83837891	71194.28125
4540.83837891	71194.28125
4540.83837891	71194.28125
4540.83837891	71194.28125
4540.83837891	71194.28125
4540.83837891	71194.28125
4540.83837891	71194.28125
4540.83837891	71194.28125
4540.83837891	71194.28125
4540.83837891	71194.28125
4540.83837891	71194.28125
4540.83837891	71194.28125
4540.83837891	71194.28125
4540.83837891	71194.28125
4540.83837891	71194.28125
4540.83837891	71194.28125
4540.83837891	71194.28125
4540.83837891	71194.28125
4540.83837891	71194.28125
4540.83837891	71194.28125
4540.83837891	71194.28125
4540.83837891	71194.28125
4540.83837891	71194.28125
4540.83837891	71194.28125
4540.83837891	71194.28125
4540.83837891	71194.28125
4540.83837891	71194.28125
4540.83837891	71194.28125
4540.83837891	71194.28125
4540.83837891	71194.28125
4540.83837891	71194.28125
4540.83837891	71194.28125
4540.83837891	71194.28125
4540.83837891	71194.28125
4540.83837891	71194.28125
4540.83837891	71194.28125
4540.83837891	71194.28125
4540.83837891	71194.28125
4540.83837891	71194.28125
4540.83837891	71194.28125
4540.83837891	71194.28125
4540.83837891	71194.28125
4540.83837891	71194.28125
4540.83837891	71194.28125
4540.83837891	71194.28125
4540.83837891	71194.28125
4540.83837891	71194.28125
4540.83837891	71194.28125
4540.83837891	71194.28125
4540.83837891	71194.28125
4540.83837891	71194.28125
4540.83837891	71194.28125
4540.83837891	71194.28125
4540.83837891	71194.28125
4540.83837891	71194.28125
4540.83837891	71194.28125
4540.83837891	71194.28125
4540.83837891	71194.28125
4540.83837891	71194.28125
4540.83837891	71194.28125
4540.83837891	71194.28125
4540.83837891	71194.28125
4540.83837891	71194.28125
4540.83837891	71194.28125
4540.83837891	71194.28125
4540.83837891	71194.28125
4540.83837891	71194.28125
4540.83837891	71194.28125
4540.83837891	71194.28125
4540.83837891	71194.28125
4540.83837891	71194.28125
4540.83837891	71194.28125
4540.83837891	71194.28125
4540.83837891	71194.28125
4540.83837891	71194.28125
4540.83837891	71194.28125
4540.83837891	71194.28125
4540.83837891	71194.28125
4540.83837891	71194.28125
4540.83837891	71194.28125
4540.83837891	71194.28125
4540.83837891	71194.28125
4540.83837891	71194.28125
4540.83837891	71194.28125
4540.83837891	71194.28125
4540.83837891	71194.28125
4540.83837891	71194.28125
4540.83837891	71194.28125
4540.83837891	71194.28125
4540.83837891	71194.28125
4540.83837891	71194.28125
4540.83837891	71194.28125
4540.83837891	71194.28125
4540.83837891	71194.28125
4540.83837891	71194.28125
4540.83837891	71194.28125
4540.83837891	71194.28125
4540.83837891	71194.28125
4540.83837891	71194.28125
4540.83837891	71194.28125
4540.83837891	71194.28125
4540.83837891	71194.28125
4540.83837891	71194.28125
4540.83837891	71194.28125
4540.83837891	71194.28125
4540.83837891	71194.28125
4540.83837891	71194.28125
4540.83837891	71194.28125
4540.83837891	71194.28125
4540.83837891	71194.28125
4540.83837891	71194.28125
4540.83837891	71194.28125
4540.83837891	71194.28125
4540.83837891	71194.28125
4540.83837891	71194.28125
4540.83837891	71194.28125
4540.83837891	71194.28125
4540.83837891	71194.28125
4540.83837891	71194.28125
4540.83837891	71194.28125
4540.83837891	71194.28125
4540.83837891	71194.28125
4540.83837891	71194.28125
4540.83837891	71194.28125
4540.83837891	71194.28125
4540.83837891	71194.28125
4540.83837891	71194.28125
4540.83837891	71194.28125
4540.83837891	71194.28125
4540.83837891	71194.28125
4540.83837891	71194.28125
4540.83837891	71194.28125
4540.83837891	71194.28125
4540.83837891	71194.28125
4540.83837891	71194.28125
4540.83837891	71194.28125
4540.83837891	71194.28125
4540.83837891	71194.28125
4540.83837891	71194.28125
4540.83837891	71194.28125
4540.83837891	71194.28125
4540.83837891	71194.28125
4540.83837891	71194.28125
4540.83837891	71194.28125
4540.83837891	71194.28125
4540.83837891	71194.28125
4540.83837891	71194.28125
4540.83837891	71194.28125
4540.83837891	71194.28125
4540.83837891	71194.28125
4540.83837891	71194.28125
4540.83837891	71194.28125
4540.83837891	71194.28125
4540.83837891	71194.28125
4540.83837891	71194.28125
4540.83837891	71194.28125
4540.83837891	71194.28125
4540.83837891	71194.28125
4540.83837891	71194.28125
4540.83837891	71194.28125
4540.83837891	71194.28125
4540.83837891	71194.28125
4540.83837891	71194.28125
4540.83837891	71194.28125
4540.83837891	71194.28125
4540.83837891	71194.28125
4540.83837891	71194.28125
4540.83837891	71194.28125
4540.83837891	71194.28125
4540.83837891	71194.28125
4540.83837891	71194.28125
4540.83837891	71194.28125
4540.83837891	71194.28125
4540.83837891	71194.28125
4540.83837891	71194.28125
4540.83837891	71194.28125
4540.83837891	71194.28125
4540.83837891	71194.28125
4540.83837891	71194.28125
4540.83837891	71194.28125
4540.83837891	71194.28125
4540.83837891	71194.28125
4540.83837891	71194.28125
4540.83837891	71194.28125
4540.83837891	71194.28125
4540.83837891	71194.28125
4540.83837891	71194.28125
4540.83837891	71194.28125
4540.83837891	71194.28125
4540.83837891	71194.28125
4540.83837891	71194.28125
4540.83837891	71194.28125
4540.83837891	71194.28125
4540.83837891	71194.28125
4540.83837891	71194.28125
4540.83837891	71194.28125
4540.83837891	71194.28125
4540.83837891	71194.28125
4540.83837891	71194.28125
4540.83837891	71194.28125
4540.83837891	71194.28125
4540.83837891	71194.28125
4540.83837891	71194.28125
4540.83837891	71194.28125
4540.83837891	71194.28125
4540.83837891	71194.28125
4540.83837891	71194.28125
4540.83837891	71194.28125
4540.83837891	71194.28125
4540.83837891	71194.28125
4540.83837891	71194.28125
4540.83837891	71194.28125
4540.83837891	71194.28125
4540.83837891	71194.28125
4540.83837891	71194.28125
4540.83837891	71194.28125
4540.83837891	71194.28125
4540.83837891	71194.28125
4540.83837891	71194.28125
4540.83837891	71194.28125
4540.83837891	71194.28125
4540.83837891	71194.28125
4540.83837891	71194.28125
4540.83837891	71194.28125
4540.83837891	71194.28125
4540.83837891	71194.28125
4540.83837891	71194.28125
4540.83837891	71194.28125
4540.83837891	71194.28125
4540.83837891	71194.28125
4540.83837891	71194.28125
4540.83837891	71194.28125
4540.83837891	71194.28125
4540.83837891	71194.28125
4540.83837891	71194.28125
4540.83837891	71194.28125
4540.83837891	71194.28125
4540.83837891	71194.28125
4540.83837891	71194.28125
4540.83837891	71194.28125
4540.83837891	71194.28125
4540.83837891	71194.28125
4540.83837891	71194.28125
4540.83837891	71194.28125
4540.83837891	71194.28125
4540.83837891	71194.28125
4540.83837891	71194.28125
4540.83837891	71194.28125
4540.83837891	71194.28125
4540.83837891	71194.28125
4540.83837891	71194.28125
4540.83837891	71194.28125
4540.83837891	71194.28125
4540.83837891	71194.28125
4540.83837891	71194.28125
4540.83837891	71194.28125
4540.83837891	71194.28125
4540.83837891	71194.28125
4540.83837891	71194.28125
4540.83837891	71194.28125
4540.83837891	71194.28125
4540.83837891	71194.28125
4540.83837891	71194.28125
4540.83837891	71194.28125
4540.83837891	71194.28125
4540.83837891	71194.28125
4540.83837891	71194.28125
4540.83837891	71194.28125
4540.83837891	71194.28125
4540.83837891	71194.28125
4540.83837891	71194.28125
4540.83837891	71194.28125
4540.83837891	71194.28125
4540.83837891	71194.28125
4540.83837891	71194.28125
4540.83837891	71194.28125
4540.83837891	71194.28125
4540.83837891	71194.28125
4540.83837891	71194.28125
4540.83837891	71194.28125
4540.83837891	71194.28125
4540.83837891	71194.28125
4540.83837891	71194.28125
4540.83837891	71194.28125
4540.83837891	71194.28125
4540.83837891	71194.28125
4540.83837891	71194.28125
4540.83837891	71194.28125
4540.83837891	71194.28125
4540.83837891	71194.28125
4540.83837891	71194.28125
4540.83837891	71194.28125
4540.83837891	71194.28125
4540.83837891	71194.28125
4540.83837891	71194.28125
4540.83837891	71194.28125
4540.83837891	71194.28125
4540.83837891	71194.28125
4540.83837891	71194.28125
4540.83837891	71194.28125
4540.83837891	71194.28125
4540.83837891	71194.28125
4540.83837891	71194.28125
4540.83837891	71194.28125
4540.83837891	71194.28125
4540.83837891	71194.28125
4540.83837891	71194.28125
4540.83837891	71194.28125
4540.83837891	71194.28125
4540.83837891	71194.28125
4540.83837891	71194.28125
4540.83837891	71194.28125
4540.83837891	71194.28125
4540.83837891	71194.28125
4540.83837891	71194.28125
4540.83837891	71194.28125
4540.83837891	71194.28125
4540.83837891	71194.28125
4540.83837891	71194.28125
4540.83837891	71194.28125
4540.83837891	71194.28125
4540.83837891	71194.28125
4540.83837891	71194.28125
4540.83837891	71194.28125
4540.83837891	71194.28125
4540.83837891	71194.28125
4540.83837891	71194.28125
4540.83837891	71194.28125
4540.83837891	71194.28125
4540.83837891	71194.28125
4540.83837891	71194.28125
4540.83837891	71194.28125
4540.83837891	71194.28125
4540.83837891	71194.28125
4540.83837891	71194.28125
4540.83837891	71194.28125
4540.83837891	71194.28125
4540.83837891	71194.28125
4540.83837891	71194.28125
4540.83837891	71194.28125
4540.83837891	71194.28125
4540.83837891	71194.28125
4540.83837891	71194.28125
4540.83837891	71194.28125
4540.83837891	71194.28125
4540.83837891	71194.28125
4540.83837891	71194.28125
4540.83837891	71194.28125
4540.83837891	71194.28125
4540.83837891	71194.28125
4540.83837891	71194.28125
4540.83837891	71194.28125
4540.83837891	71194.28125
4540.83837891	71194.28125
4540.83837891	71194.28125
4540.83837891	71194.28125
4540.83837891	71194.28125
4540.83837891	71194.28125
4540.83837891	71194.28125
4540.83837891	71194.28125
4540.83837891	71194.28125
4540.83837891	71194.28125
4540.83837891	71194.28125
4540.83837891	71194.28125
4540.83837891	71194.28125
4540.83837891	71194.28125
4540.83837891	71194.28125
4540.83837891	71194.28125
4540.83837891	71194.28125
4540.83837891	71194.28125
4540.83837891	71194.28125
4540.83837891	71194.28125
4540.83837891	71194.28125
4540.83837891	71194.28125
4540.83837891	71194.28125
4540.83837891	71194.28125
4540.83837891	71194.28125
4540.83837891	71194.28125
4540.83837891	71194.28125
4540.83837891	71194.28125
4540.83837891	71194.28125
4540.83837891	71194.28125
4540.83837891	71194.28125
4540.83837891	71194.28125
4540.83837891	71194.28125
4540.83837891	71194.28125
4540.83837891	71194.28125
4540.83837891	71194.28125
4540.83837891	71194.28125
4540.83837891	71194.28125
4540.83837891	71194.28125
4540.83837891	71194.28125
4540.83837891	71194.28125
4540.83837891	71194.28125
4540.83837891	71194.28125
4540.83837891	71194.28125
4540.83837891	71194.28125
4540.83837891	71194.28125
4540.83837891	71194.28125
4540.83837891	71194.28125
4540.83837891	71194.28125
4540.83837891	71194.28125
4540.83837891	71194.28125
4540.83837891	71194.28125
4540.83837891	71194.28125
4540.83837891	71194.28125
4540.83837891	71194.28125
4540.83837891	71194.28125
4540.83837891	71194.28125
4540.83837891	71194.28125
4540.83837891	71194.28125
4540.83837891	71194.28125
4540.83837891	71194.28125
4540.83837891	71194.28125
4540.83837891	71194.28125
4540.83837891	71194.28125
4540.83837891	71194.28125
4540.83837891	71194.28125
4540.83837891	71194.28125
4540.83837891	71194.28125
4540.83837891	71194.28125
4540.83837891	71194.28125
4540.83837891	71194.28125
4540.83837891	71194.28125
4540.83837891	71194.28125
4540.83837891	71194.28125
4540.83837891	71194.28125
4540.83837891	71194.28125
4540.83837891	71194.28125
4540.83837891	71194.28125
4540.83837891	71194.28125
4540.83837891	71194.28125
4540.83837891	71194.28125
4540.83837891	71194.28125
4540.83837891	71194.28125
4540.83837891	71194.28125
4540.83837891	71194.28125
4540.83837891	71194.28125
4540.83837891	71194.28125
4540.83837891	71194.28125
4540.83837891	71194.28125
4540.83837891	71194.28125
4540.83837891	71194.28125
4540.83837891	71194.28125
4540.83837891	71194.28125
4540.83837891	71194.28125
4540.83837891	71194.28125
4540.83837891	71194.28125
4540.83837891	71194.28125
4540.83837891	71194.28125
4540.83837891	71194.28125
4540.83837891	71194.28125
4540.83837891	71194.28125
4540.83837891	71194.28125
4540.83837891	71194.28125
4540.83837891	71194.28125
4540.83837891	71194.28125
4540.83837891	71194.28125
4540.83837891	71194.28125
4540.83837891	71194.28125
4540.83837891	71194.28125
4540.83837891	71194.28125
4540.83837891	71194.28125
4540.83837891	71194.28125
4540.83837891	71194.28125
4540.83837891	71194.28125
4540.83837891	71194.28125
4540.83837891	71194.28125
4540.83837891	71194.28125
4540.83837891	71194.28125
4540.83837891	71194.28125
4540.83837891	71194.28125
4540.83837891	71194.28125
4540.83837891	71194.28125
4540.83837891	71194.28125
4540.83837891	71194.28125
4540.83837891	71194.28125
4540.83837891	71194.28125
4540.83837891	71194.28125
4540.83837891	71194.28125
4540.83837891	71194.28125
4540.83837891	71194.28125
4540.83837891	71194.28125
4540.83837891	71194.28125
4540.83837891	71194.28125
4540.83837891	71194.28125
4540.83837891	71194.28125
4540.83837891	71194.28125
4540.83837891	71194.28125
4540.83837891	71194.28125
4540.83837891	71194.28125
4540.83837891	71194.28125
4540.83837891	71194.28125
4540.83837891	71194.28125
4540.83837891	71194.28125
4540.83837891	71194.28125
4540.83837891	71194.28125
4540.83837891	71194.28125
4540.83837891	71194.28125
4540.83837891	71194.28125
4540.83837891	71194.28125
4543.60253906	71192.09375
4601.31640625	71136.4453125
4731.59765625	71007.2109375
4908.99609375	70817.5859375
5200.94335938	70470.4921875
5556.71630859	70081.6015625
5964.90820312	69703.9375
6359.03125	69265.3984375
6692.77246094	68858.265625
7019.55566406	68401.1015625
7267.46826172	67931.9921875
7506.98095703	67404.9296875
7664.51171875	66829.890625
7834.43896484	66315.015625
7979.47802734	65722.3828125
8120.49365234	65164.0039062
8250.36914062	64658.3203125
8371.10644531	64114.046875
8492.77832031	63597.25
8601.32910156	63121.6640625
8698.11035156	62699.09375
8772.20117188	62323.8046875
8822.00195312	62034.7226562
8875.75	61721.1445312
8923.5234375	61335.4375
8894.01269531	60925.8046875
8776.18457031	60557.2226562
8582.046875	60192.890625
8150.50048828	59734.9648438
7499.34619141	59397.0664062
6904.87353516	59203.9140625
6413.71923828	59142.140625
5953.68798828	59142.46875
5540.69238281	59183.9882812
5126.45361328	59266.1210938
4754.18310547	59340.4179688
4404.61621094	59390.09375
4020.15234375	59436.1523438
3679.21289062	59489.0
3393.87304688	59540.9804688
3000.40771484	59620.296875
2590.10864258	59710.40625
2273.54907227	59805.6289062
1922.04077148	59920.6015625
1398.02819824	60067.5078125
779.343688965	60217.9179688
173.074539185	60416.3710938
-362.535369873	60614.0664062
-834.604370117	60813.3515625
-1235.83666992	61002.9140625
-1599.31274414	61176.3359375
-2082.13525391	61407.1796875
-2654.70874023	61665.5117188
-3128.86962891	61919.6757812
-3584.30249023	62205.703125
-3953.20288086	62480.1953125
-4304.9765625	62745.015625
-4622.25048828	62991.5976562
-4893.05566406	63208.59375
-5233.50390625	63490.515625
-5582.62451172	63781.8867188
-5932.68164062	64085.8242188
-6260.59082031	64349.5039062
-6659.109375	64617.7070312
-7048.22412109	64886.890625
-7359.88476562	65120.7890625
-7676.20849609	65345.8085938
-8026.23681641	65549.7734375
-8398.54589844	65757.3203125
-8811.04980469	65987.2265625
-9256.50292969	66248.2109375
-9687.4921875	66481.9296875
-10042.2001953	66693.7421875
-10343.2548828	66907.15625
-10626.7763672	67187.7421875
-10820.5	67522.96875
-10974.6640625	67799.6875
-11097.4990234	68008.9609375
-11222.6757812	68302.34375
-11331.0878906	68610.4609375
-11474.9609375	68995.890625
-11616.5947266	69354.7265625
-11738.6191406	69653.9296875
-11833.2402344	70011.171875
-11891.5126953	70279.515625
-11912.3457031	70475.7578125
-11935.9755859	70706.9296875
-11964.2802734	70916.3359375
-11999.7363281	71144.0625
-12042.5361328	71402.3203125
-12083.0273438	71620.6328125
-12152.7050781	71799.125
-12287.7509766	72035.40625
-12465.3652344	72288.15625
-12693.1445312	72624.6640625
-12924.6162109	72935.453125
-13141.578125	73211.0859375
-13473.1298828	73551.0625
-13931.9931641	74009.8515625
-14397.3808594	74347.4453125
-14840.2353516	74551.7578125
-15139.1240234	74768.0
-15332.0019531	75031.84375
-15504.7382812	75349.7734375
-15651.3457031	75589.5078125
-15789.3515625	75736.6953125
-15856.5839844	75854.984375
-15915.9267578	76079.0546875
-15989.7158203	76470.734375
-16133.1269531	76818.03125
-16243.5244141	77079.578125
-16324.4609375	77296.328125
-16443.1425781	77619.46875
-16623.8066406	78122.65625
-16833.2226562	78648.390625
-17026.6152344	79063.546875
-17225.5117188	79342.6796875
-17378.09375	79612.828125
-17364.1230469	80048.34375
-17287.3457031	80417.359375
-17160.6582031	80766.7578125
-16958.1132812	80989.7890625
-16734.6894531	81132.3046875
-16562.2207031	81214.71875
-16424.9179688	81286.9296875
-16238.25	81395.390625
-16103.2578125	81516.4296875
-15935.640625	81638.21875
-15674.7148438	81727.4140625
-15327.7988281	81736.9375
-14909.65625	81700.96875
-14447.8535156	81622.421875
-14018.7753906	81594.703125
-13612.8789062	81623.5078125
-13219.5859375	81738.5234375
-12854.7373047	81961.796875
-12505.4521484	82259.546875
-12187.2265625	82607.453125
-11945.1142578	82967.84375
-11781.7783203	83278.203125
-11660.6123047	83508.0625
-11560.0732422	83624.2109375
-11510.0878906	83671.3984375
-11506.2021484	83675.8984375
-11505.9160156	83676.25
-11506.0654297	83676.078125
-11506.0654297	83676.078125
-11506.0654297	83676.078125
-11506.0654297	83676.078125
-11503.3886719	83679.0
-11460.265625	83727.5546875
-11398.2929688	83798.6484375
-11308.8037109	83882.4765625
-11149.4277344	84021.765625
-11020.6621094	84140.125
-10842.9003906	84268.703125
-10678.0566406	84360.25
-10554.8945312	84389.96875
-10386.0732422	84398.8203125
-10217.4462891	84418.046875
-10100.2089844	84419.9609375
-9908.6953125	84378.234375
-9706.51171875	84323.296875
-9570.76171875	84282.8515625
-9465.19921875	84238.203125
-9342.43066406	84174.6796875
-9206.23828125	84085.828125
-9059.95996094	83970.2578125
-8907.93945312	83831.1640625
-8839.15234375	83778.5078125
-8915.21289062	83814.75
-9043.51367188	83866.0234375
-9130.86914062	83901.2421875
-9167.859375	83916.5390625
-9168.90136719	83916.984375
-9168.90136719	83916.984375
-9168.90136719	83916.984375
-9168.90136719	83916.984375
-9168.90136719	83916.984375
-9168.90136719	83916.984375
-9168.90136719	83916.984375
-9168.90136719	83916.984375
-9168.90136719	83916.984375
-9168.90136719	83916.984375
-9168.90136719	83916.984375
-9168.90136719	83916.984375
-9168.90136719	83916.984375
-9168.90136719	83916.984375
-9168.90136719	83916.984375
-9168.90136719	83916.984375
-9168.90136719	83916.984375
-9168.90136719	83916.984375
-9168.90136719	83916.984375
-9168.90136719	83916.984375
-9168.90136719	83916.984375
-9168.90136719	83916.984375
-9168.90136719	83916.984375
-9168.90136719	83916.984375
-9168.90136719	83916.984375
-9168.90136719	83916.984375
-9168.90136719	83916.984375
-9168.90136719	83916.984375
-9168.90136719	83916.984375
-9168.90136719	83916.984375
-9168.90136719	83916.984375
-9168.90136719	83916.984375
-9168.90136719	83916.984375
-9168.90136719	83916.984375
-9168.90136719	83916.984375
-9168.90136719	83916.984375
-9168.90136719	83916.984375
-9168.90136719	83916.984375
-9168.90136719	83916.984375
-9168.90136719	83916.984375
-9168.90136719	83916.984375
-9168.90136719	83916.984375
-9168.90136719	83916.984375
-9168.90136719	83916.984375
-9168.90136719	83916.984375
-9168.90136719	83916.984375
-9168.90136719	83916.984375
-9168.90136719	83916.984375
-9168.90136719	83916.984375
-9168.90136719	83916.984375
-9168.90136719	83916.984375
-9168.90136719	83916.984375
-9168.90136719	83916.984375
-9168.90136719	83916.984375
-9168.90136719	83916.984375
-9168.90136719	83916.984375
-9168.90136719	83916.984375
-9168.90136719	83916.984375
-9168.90136719	83916.984375
-9168.90136719	83916.984375
-9168.90136719	83916.984375
-9168.90136719	83916.984375
-9168.90136719	83916.984375
-9168.90136719	83916.984375
-9168.90136719	83916.984375
-9168.90136719	83916.984375
-9168.90136719	83916.984375
-9168.90136719	83916.984375
-9168.90136719	83916.984375
-9168.90136719	83916.984375
-9168.90136719	83916.984375
-9168.90136719	83916.984375
-9168.90136719	83916.984375
-9168.90136719	83916.984375
-9168.90136719	83916.984375
-9168.90136719	83916.984375
-9168.90136719	83916.984375
-9168.90136719	83916.984375
-9168.90136719	83916.984375
-9168.90136719	83916.984375
-9168.90136719	83916.984375
-9168.90136719	83916.984375
-9168.90136719	83916.984375
-9168.90136719	83916.984375
-9168.90136719	83916.984375
-9168.90136719	83916.984375
-9168.90136719	83916.984375
-9168.90136719	83916.984375
-9168.90136719	83916.984375
-9168.90136719	83916.984375
-9168.90136719	83916.984375
-9168.90136719	83916.984375
-9168.90136719	83916.984375
-9168.90136719	83916.984375
-9168.90136719	83916.984375
-9168.90136719	83916.984375
-9168.90136719	83916.984375
-9168.90136719	83916.984375
-9168.90136719	83916.984375
-9168.90136719	83916.984375
-9168.90136719	83916.984375
-9168.90136719	83916.984375
-9168.90136719	83916.984375
-9168.90136719	83916.984375
-9168.90136719	83916.984375
-9168.90136719	83916.984375
-9168.90136719	83916.984375
-9168.90136719	83916.984375
-9168.90136719	83916.984375
-9168.90136719	83916.984375
-9168.90136719	83916.984375
-9168.90136719	83916.984375
-9168.90136719	83916.984375
-9168.90136719	83916.984375
-9168.90136719	83916.984375
-9168.90136719	83916.984375
-9168.90136719	83916.984375
-9168.90136719	83916.984375
-9168.90136719	83916.984375
-9168.90136719	83916.984375
-9168.90136719	83916.984375
-9168.90136719	83916.984375
-9168.90136719	83916.984375
-9168.90136719	83916.984375
-9168.90136719	83916.984375
-9168.90136719	83916.984375
-9168.90136719	83916.984375
-9168.90136719	83916.984375
-9168.90136719	83916.984375
-9168.90136719	83916.984375
-9168.90136719	83916.984375
-9168.90136719	83916.984375
-9168.90136719	83916.984375
-9168.90136719	83916.984375
-9168.90136719	83916.984375
-9168.90136719	83916.984375
-9168.90136719	83916.984375
-9168.90136719	83916.984375
-9168.90136719	83916.984375
-9168.90136719	83916.984375
-9168.90136719	83916.984375
-9168.90136719	83916.984375
-9168.90136719	83916.984375
-9168.90136719	83916.984375
-9168.90136719	83916.984375
-9168.90136719	83916.984375
-9168.90136719	83916.984375
-9168.90136719	83916.984375
-9168.90136719	83916.984375
-9168.90136719	83916.984375
-9168.90136719	83916.984375
-9168.90136719	83916.984375
-9168.90136719	83916.984375
-9168.90136719	83916.984375
-9168.90136719	83916.984375
-9168.90136719	83916.984375
-9168.90136719	83916.984375
-9168.90136719	83916.984375
-9168.90136719	83916.984375
-9168.90136719	83916.984375
-9168.90136719	83916.984375
-9168.90136719	83916.984375
-9168.90136719	83916.984375
-9168.90136719	83916.984375
-9168.90136719	83916.984375
-9168.90136719	83916.984375
-9168.90136719	83916.984375
-9168.90136719	83916.984375
-9168.90136719	83916.984375
-9168.90136719	83916.984375
-9168.90136719	83916.984375
-9168.90136719	83916.984375
-9168.90136719	83916.984375
-9168.90136719	83916.984375
-9168.90136719	83916.984375
-9168.90136719	83916.984375
-9168.90136719	83916.984375
-9168.90136719	83916.984375
-9168.90136719	83916.984375
-9168.90136719	83916.984375
-9168.90136719	83916.984375
-9168.90136719	83916.984375
-9168.90136719	83916.984375
-9168.90136719	83916.984375
-9168.90136719	83916.984375
-9168.90136719	83916.984375
-9168.90136719	83916.984375
-9168.90136719	83916.984375
-9168.90136719	83916.984375
-9168.90136719	83916.984375
-9168.90136719	83916.984375
-9168.90136719	83916.984375
-9168.90136719	83916.984375
-9168.90136719	83916.984375
-9168.90136719	83916.984375
-9168.90136719	83916.984375
-9168.90136719	83916.984375
-9168.90136719	83916.984375
-9168.90136719	83916.984375
-9168.90136719	83916.984375
-9168.90136719	83916.984375
-9168.90136719	83916.984375
-9168.90136719	83916.984375
-9168.90136719	83916.984375
-9168.90136719	83916.984375
-9168.90136719	83916.984375
-9168.90136719	83916.984375
-9168.90136719	83916.984375
-9168.90136719	83916.984375
-9168.90136719	83916.984375
-9168.90136719	83916.984375
-9168.90136719	83916.984375
-9168.90136719	83916.984375
-9168.90136719	83916.984375
-9168.90136719	83916.984375
-9168.90136719	83916.984375
-9168.90136719	83916.984375
-9168.90136719	83916.984375
-9168.90136719	83916.984375
-9168.90136719	83916.984375
-9168.90136719	83916.984375
-9168.90136719	83916.984375
-9168.90136719	83916.984375
-9168.90136719	83916.984375
-9168.90136719	83916.984375
-9168.90136719	83916.984375
-9168.90136719	83916.984375
-9168.90136719	83916.984375
-9168.90136719	83916.984375
-9168.90136719	83916.984375
-9168.90136719	83916.984375
-9168.90136719	83916.984375
-9168.90136719	83916.984375
-9168.90136719	83916.984375
-9168.90136719	83916.984375
-9168.90136719	83916.984375
-9168.90136719	83916.984375
-9168.90136719	83916.984375
-9168.90136719	83916.984375
-9168.90136719	83916.984375
-9168.90136719	83916.984375
-9168.90136719	83916.984375
-9168.90136719	83916.984375
-9168.90136719	83916.984375
-9168.90136719	83916.984375
-9168.90136719	83916.984375
