###Truck route record
###S.No.	VF	VL	Heading	Encoder-Raw	Tiller-Angle
1	123.288604736	-340.468200684	344	1761	5.95664453506
2	123.288604736	-340.468200684	344	1761	5.95664453506
3	123.288604736	-340.468200684	344	1761	5.95664453506
4	123.288604736	-340.468200684	344	1761	5.95664453506
5	123.288604736	-340.468200684	344	1761	5.95664453506
6	123.288604736	-340.468200684	344	1761	5.95664453506
7	123.288604736	-340.468200684	344	1761	5.95664453506
8	123.288604736	-340.468200684	344	1761	5.95664453506
9	123.288604736	-340.468200684	344	1761	5.95664453506
10	123.943344116	-340.30557251	344	1764	1.32079851627
11	163.245727539	-329.718383789	345	1945	0.882272481918
12	308.010528564	-289.624633789	345	2638	-0.438525944948
13	436.341156006	-251.004364014	344	3209	-3.0853433609
14	506.89251709	-225.901641846	344	3553	-3.74835276604
15	574.831298828	-200.846817017	344	3864	-3.74835276604
16	659.532958984	-168.620101929	343	4267	-4.41136264801
17	747.463623047	-133.52796936	343	4705	-4.41136264801
18	850.516662598	-90.3212432861	342	5185	-9.04720878601
19	932.805541992	-42.2632827759	341	5620	-11.2554998398
20	1007.36193848	1.33698892593	340	6007	-11.2554998398
21	1083.12902832	53.975353241	338	6424	-19.4204349518
22	1157.01330566	128.443389893	336	6879	-21.1902008057
23	1215.58300781	193.820785522	333	7262	-26.7083187103
24	1252.70410156	246.887802124	331	7571	-27.1468467712
25	1296.39086914	321.074401855	329	7933	-29.5744018555
26	1337.88195801	403.147644043	325	8342	-29.5744018555
27	1378.88366699	495.901092529	322	8812	-28.9113903046
28	1415.32141113	591.02166748	319	9246	-28.472864151
29	1437.9420166	662.101989746	316	9579	-28.472864151
30	1458.10473633	728.872070312	314	9888	-28.0291194916
31	1479.11755371	814.243286133	311	10279	-28.0291194916
32	1500.10168457	931.651733398	307	10831	-27.5905914307
33	1520.26245117	1076.95336914	302	11515	-25.6015644073
34	1540.97131348	1249.83325195	298	12237	-16.1106090546
35	1584.73986816	1391.16564941	296	12938	0.0
36	1630.15454102	1476.89538574	297	13331	3.0853433609
37	1662.7388916	1532.46008301	297	13615	3.30982708931
38	1702.62390137	1594.92504883	298	14031	10.811753273
39	1771.4230957	1680.7019043	299	14524	11.2554998398
40	1867.00366211	1784.61938477	301	15071	16.1106090546
41	1941.33154297	1859.1751709	303	15583	17.4366283417
42	2017.09204102	1909.79492188	305	15931	18.0996379852
43	2087.47949219	1953.56542969	307	16300	24.2755451202
44	2176.43188477	1994.65905762	310	16736	27.8098545074
45	2259.74389648	2026.72741699	313	17133	27.3661079407
46	2335.11621094	2053.03662109	316	17488	26.0453090668
47	2414.08325195	2078.5144043	318	17857	25.6015644073
48	2502.77514648	2105.39233398	321	18282	23.3932723999
49	2595.82080078	2129.97705078	324	18729	22.7302627563
50	2703.92016602	2154.53686523	326	19190	22.7302627563
51	2792.76147461	2170.36108398	329	19605	23.6177558899
52	2872.00976562	2179.77172852	331	19957	23.6177558899
53	2965.95922852	2186.55712891	334	20365	24.0562820435
54	3062.84643555	2188.85888672	336	20811	24.0562820435
55	3152.76367188	2186.70288086	339	21196	24.2755451202
56	3230.83911133	2181.17504883	341	21557	24.2755451202
57	3323.59277344	2171.18139648	344	21976	24.2755451202
58	3421.08154297	2155.68408203	347	22398	24.2755451202
59	3504.77270508	2138.44262695	349	22778	24.2755451202
60	3589.17700195	2117.25878906	352	23165	24.2755451202
61	3684.77929688	2087.29541016	354	23626	24.2755451202
62	3774.43359375	2056.72387695	357	24032	24.2755451202
63	3839.76245117	2030.53125	359	24345	24.2755451202
64	3898.62695312	2004.62353516	0	24667	24.2755451202
65	3985.27587891	1962.22814941	3	25060	24.2755451202
66	4066.70336914	1917.57495117	5	25473	24.2755451202
67	4154.30566406	1863.86071777	9	26011	23.1740093231
68	4247.53515625	1801.43762207	11	26444	23.8370170593
69	4314.52490234	1749.54309082	14	26814	23.8370170593
70	4383.53027344	1692.43286133	16	27215	23.8370170593
71	4460.5234375	1625.99462891	19	27657	23.8370170593
72	4523.80078125	1563.6640625	21	28064	23.8370170593
73	4572.15283203	1512.20812988	23	28366	23.8370170593
74	4623.0546875	1451.2052002	26	28741	23.8370170593
75	4682.234375	1377.68615723	28	29145	23.6177558899
76	4743.42773438	1296.96435547	31	29590	23.1740093231
77	4802.83642578	1221.70837402	33	30018	8.164935112
78	4833.35107422	1195.45800781	34	30197	6.17590761185
79	4833.35302734	1195.46044922	34	30197	6.40039110184
80	4833.52441406	1195.31469727	34	30198	6.40039110184
81	4833.52441406	1195.31469727	34	30198	6.40039110184
82	4833.52441406	1195.31469727	34	30198	6.40039110184
83	4833.52441406	1195.31469727	34	30198	6.40039110184
84	4833.52441406	1195.31469727	34	30198	6.40039110184
85	4833.52441406	1195.31469727	34	30198	6.40039110184
86	4833.52441406	1195.31469727	34	30198	6.40039110184
87	4833.52441406	1195.31469727	34	30198	6.40039110184
88	4833.52441406	1195.31469727	34	30198	6.40039110184
89	4833.52441406	1195.31469727	34	30198	6.40039110184
90	4833.52441406	1195.31469727	34	30198	6.40039110184
91	4833.52441406	1195.31469727	34	30198	6.40039110184
92	4833.52441406	1195.31469727	34	30198	6.40039110184
93	4833.52441406	1195.31469727	34	30198	6.40039110184
94	4833.52441406	1195.31469727	34	30198	6.40039110184
95	4833.52441406	1195.31469727	34	30198	6.40039110184
96	4833.52441406	1195.31469727	34	30198	6.40039110184
97	4833.52441406	1195.31469727	34	30198	6.40039110184
98	4833.52441406	1195.31469727	34	30198	6.40039110184
99	4833.52441406	1195.31469727	34	30198	6.40039110184
100	4833.52441406	1195.31469727	34	30198	6.40039110184
101	4833.52441406	1195.31469727	34	30198	6.40039110184
102	4833.52441406	1195.31469727	34	30198	6.40039110184
103	4833.52441406	1195.31469727	34	30198	6.40039110184
104	4833.52441406	1195.31469727	34	30198	6.40039110184
105	4833.52441406	1195.31469727	34	30198	6.40039110184
106	4833.52441406	1195.31469727	34	30198	6.40039110184
107	4833.52441406	1195.31469727	34	30198	6.40039110184
108	4833.52441406	1195.31469727	34	30198	6.40039110184
109	4833.52441406	1195.31469727	34	30198	6.40039110184
110	4833.52441406	1195.31469727	34	30198	6.40039110184
111	4833.52441406	1195.31469727	34	30198	6.40039110184
112	4833.52441406	1195.31469727	34	30198	6.40039110184
113	4833.52441406	1195.31469727	34	30198	6.40039110184
114	4833.52441406	1195.31469727	34	30198	6.40039110184
115	4833.52441406	1195.31469727	34	30198	6.40039110184
116	4833.52441406	1195.31469727	34	30198	6.40039110184
117	4833.52441406	1195.31469727	34	30198	6.40039110184
118	4833.52441406	1195.31469727	34	30198	6.40039110184
119	4833.52441406	1195.31469727	34	30198	6.40039110184
120	4833.52441406	1195.31469727	34	30198	6.40039110184
121	4833.52441406	1195.31469727	34	30198	6.40039110184
122	4833.52441406	1195.31469727	34	30198	6.40039110184
123	4833.52441406	1195.31469727	34	30198	6.40039110184
124	4833.52441406	1195.31469727	34	30198	6.40039110184
125	4833.52441406	1195.31469727	34	30198	6.40039110184
126	4833.52441406	1195.31469727	34	30198	6.40039110184
127	4833.52441406	1195.31469727	34	30198	6.40039110184
128	4833.52441406	1195.31469727	34	30198	6.40039110184
129	4833.52441406	1195.31469727	34	30198	6.40039110184
130	4833.52441406	1195.31469727	34	30198	6.40039110184
131	4833.52441406	1195.31469727	34	30198	6.40039110184
132	4833.52441406	1195.31469727	34	30198	6.40039110184
133	4833.52441406	1195.31469727	34	30198	6.40039110184
134	4833.52441406	1195.31469727	34	30198	6.40039110184
135	4833.52441406	1195.31469727	34	30198	6.40039110184
136	4833.52441406	1195.31469727	34	30198	6.40039110184
137	4833.52441406	1195.31469727	34	30198	6.40039110184
138	4833.52441406	1195.31469727	34	30198	6.40039110184
139	4833.52441406	1195.31469727	34	30198	6.40039110184
140	4833.52441406	1195.31469727	34	30198	6.40039110184
141	4833.52441406	1195.31469727	34	30198	6.40039110184
142	4833.52441406	1195.31469727	34	30198	6.40039110184
143	4833.52441406	1195.31469727	34	30198	6.40039110184
144	4833.52441406	1195.31469727	34	30198	6.40039110184
145	4833.52441406	1195.31469727	34	30198	6.40039110184
146	4833.52441406	1195.31469727	34	30198	6.40039110184
147	4833.52441406	1195.31469727	34	30198	6.40039110184
148	4833.52441406	1195.31469727	34	30198	6.40039110184
149	4833.52441406	1195.31469727	34	30198	6.40039110184
150	4833.52441406	1195.31469727	34	30198	6.40039110184
151	4833.52441406	1195.31469727	34	30198	6.40039110184
152	4833.52441406	1195.31469727	34	30198	6.40039110184
153	4833.52441406	1195.31469727	34	30198	6.40039110184
154	4833.52441406	1195.31469727	34	30198	6.40039110184
155	4833.52441406	1195.31469727	34	30198	6.40039110184
156	4833.52441406	1195.31469727	34	30198	6.40039110184
157	4833.52441406	1195.31469727	34	30198	6.40039110184
158	4833.52441406	1195.31469727	34	30198	6.40039110184
159	4833.52441406	1195.31469727	34	30198	6.40039110184
160	4833.52441406	1195.31469727	34	30198	6.40039110184
161	4833.52441406	1195.31469727	34	30198	6.40039110184
162	4833.52441406	1195.31469727	34	30198	6.40039110184
163	4833.52441406	1195.31469727	34	30198	6.40039110184
164	4833.52441406	1195.31469727	34	30198	6.40039110184
165	4833.52441406	1195.31469727	34	30198	6.40039110184
166	4833.52441406	1195.31469727	34	30198	6.40039110184
167	4833.52441406	1195.31469727	34	30198	6.40039110184
168	4833.52441406	1195.31469727	34	30198	6.40039110184
169	4833.52441406	1195.31469727	34	30198	6.40039110184
170	4833.52441406	1195.31469727	34	30198	6.40039110184
171	4833.52441406	1195.31469727	34	30198	6.40039110184
172	4833.52441406	1195.31469727	34	30198	6.40039110184
173	4833.52441406	1195.31469727	34	30198	6.40039110184
174	4833.52441406	1195.31469727	34	30198	6.40039110184
175	4833.52441406	1195.31469727	34	30198	6.40039110184
176	4833.52441406	1195.31469727	34	30198	6.40039110184
177	4833.52441406	1195.31469727	34	30198	6.40039110184
178	4833.52441406	1195.31469727	34	30198	6.40039110184
179	4833.52441406	1195.31469727	34	30198	6.40039110184
180	4833.52441406	1195.31469727	34	30198	6.40039110184
181	4833.52441406	1195.31469727	34	30198	6.40039110184
182	4833.52441406	1195.31469727	34	30198	6.40039110184
183	4833.52441406	1195.31469727	34	30198	6.40039110184
184	4833.52441406	1195.31469727	34	30198	6.40039110184
185	4833.52441406	1195.31469727	34	30198	6.40039110184
186	4833.52441406	1195.31469727	34	30198	6.40039110184
187	4833.52441406	1195.31469727	34	30198	6.40039110184
188	4833.52441406	1195.31469727	34	30198	6.40039110184
189	4833.52441406	1195.31469727	34	30198	6.40039110184
190	4833.52441406	1195.31469727	34	30198	6.40039110184
191	4833.52441406	1195.31469727	34	30198	6.40039110184
192	4833.52441406	1195.31469727	34	30198	6.40039110184
193	4833.52441406	1195.31469727	34	30198	6.40039110184
194	4833.52441406	1195.31469727	34	30198	6.40039110184
195	4833.52441406	1195.31469727	34	30198	6.40039110184
196	4833.52441406	1195.31469727	34	30198	6.40039110184
197	4833.52441406	1195.31469727	34	30198	6.40039110184
198	4833.52441406	1195.31469727	34	30198	6.40039110184
199	4833.52441406	1195.31469727	34	30198	6.40039110184
200	4833.52441406	1195.31469727	34	30198	6.40039110184
201	4833.52441406	1195.31469727	34	30198	6.40039110184
202	4833.52441406	1195.31469727	34	30198	6.40039110184
203	4833.52441406	1195.31469727	34	30198	6.40039110184
204	4833.52441406	1195.31469727	34	30198	6.40039110184
205	4833.52441406	1195.31469727	34	30198	6.40039110184
206	4833.52441406	1195.31469727	34	30198	6.40039110184
207	4833.52441406	1195.31469727	34	30198	6.40039110184
208	4833.52441406	1195.31469727	34	30198	6.40039110184
209	4833.52441406	1195.31469727	34	30198	6.40039110184
210	4833.52441406	1195.31469727	34	30198	6.40039110184
211	4833.52441406	1195.31469727	34	30198	6.40039110184
212	4833.52441406	1195.31469727	34	30198	6.40039110184
213	4833.52441406	1195.31469727	34	30198	6.40039110184
214	4833.52441406	1195.31469727	34	30198	6.40039110184
215	4833.52441406	1195.31469727	34	30198	6.40039110184
216	4833.52441406	1195.31469727	34	30198	6.40039110184
217	4833.52441406	1195.31469727	34	30198	6.40039110184
218	4833.52441406	1195.31469727	34	30198	6.40039110184
219	4833.52441406	1195.31469727	34	30198	6.40039110184
220	4833.52441406	1195.31469727	34	30198	6.40039110184
221	4833.52441406	1195.31469727	34	30198	6.40039110184
222	4833.52441406	1195.31469727	34	30198	6.40039110184
223	4833.52441406	1195.31469727	34	30198	6.40039110184
224	4833.52441406	1195.31469727	34	30198	6.40039110184
225	4833.52441406	1195.31469727	34	30198	6.40039110184
226	4833.52441406	1195.31469727	34	30198	6.40039110184
227	4833.52441406	1195.31469727	34	30198	6.40039110184
228	4833.52441406	1195.31469727	34	30198	6.40039110184
229	4833.52441406	1195.31469727	34	30198	6.40039110184
230	4833.52441406	1195.31469727	34	30198	6.40039110184
231	4833.52441406	1195.31469727	34	30198	6.40039110184
232	4833.52441406	1195.31469727	34	30198	6.40039110184
233	4833.52441406	1195.31469727	34	30198	6.40039110184
234	4833.52441406	1195.31469727	34	30198	6.40039110184
235	4833.52441406	1195.31469727	34	30198	6.40039110184
236	4833.52441406	1195.31469727	34	30198	6.40039110184
237	4833.52441406	1195.31469727	34	30198	6.40039110184
238	4833.52441406	1195.31469727	34	30198	6.40039110184
239	4833.52441406	1195.31469727	34	30198	6.40039110184
240	4833.52441406	1195.31469727	34	30198	6.40039110184
241	4833.52441406	1195.31469727	34	30198	6.40039110184
242	4833.52441406	1195.31469727	34	30198	6.40039110184
243	4833.52441406	1195.31469727	34	30198	6.40039110184
244	4833.52441406	1195.31469727	34	30198	6.40039110184
245	4833.52441406	1195.31469727	34	30198	6.40039110184
246	4833.52441406	1195.31469727	34	30198	6.40039110184
247	4833.52441406	1195.31469727	34	30198	6.40039110184
248	4833.52441406	1195.31469727	34	30198	6.40039110184
249	4833.52441406	1195.31469727	34	30198	6.40039110184
250	4833.52441406	1195.31469727	34	30198	6.40039110184
251	4833.52441406	1195.31469727	34	30198	6.40039110184
252	4833.52441406	1195.31469727	34	30198	6.40039110184
253	4833.52441406	1195.31469727	34	30198	6.40039110184
254	4833.52441406	1195.31469727	34	30198	6.40039110184
255	4833.52441406	1195.31469727	34	30198	6.40039110184
256	4833.52441406	1195.31469727	34	30198	6.40039110184
257	4833.52441406	1195.31469727	34	30198	6.40039110184
258	4833.52441406	1195.31469727	34	30198	6.40039110184
259	4833.52441406	1195.31469727	34	30198	6.40039110184
260	4833.52441406	1195.31469727	34	30198	6.40039110184
261	4833.52441406	1195.31469727	34	30198	6.40039110184
262	4833.52441406	1195.31469727	34	30198	6.40039110184
263	4833.52441406	1195.31469727	34	30198	6.40039110184
264	4833.52441406	1195.31469727	34	30198	6.40039110184
265	4833.52441406	1195.31469727	34	30198	6.40039110184
266	4833.52441406	1195.31469727	34	30198	6.40039110184
267	4833.52441406	1195.31469727	34	30198	6.40039110184
268	4833.52441406	1195.31469727	34	30198	6.40039110184
269	4833.52441406	1195.31469727	34	30198	6.40039110184
270	4833.52441406	1195.31469727	34	30198	6.40039110184
271	4833.52441406	1195.31469727	34	30198	6.40039110184
272	4833.52441406	1195.31469727	34	30198	6.40039110184
273	4833.52441406	1195.31469727	34	30198	6.40039110184
274	4833.52441406	1195.31469727	34	30198	6.40039110184
275	4833.52441406	1195.31469727	34	30198	6.40039110184
276	4833.52441406	1195.31469727	34	30198	6.40039110184
277	4833.52441406	1195.31469727	34	30198	6.40039110184
278	4833.52441406	1195.31469727	34	30198	6.40039110184
279	4833.52441406	1195.31469727	34	30198	6.40039110184
280	4833.52441406	1195.31469727	34	30198	6.40039110184
281	4833.52441406	1195.31469727	34	30198	6.40039110184
282	4833.52441406	1195.31469727	34	30198	6.40039110184
283	4833.52441406	1195.31469727	34	30198	6.40039110184
284	4833.52441406	1195.31469727	34	30198	6.40039110184
285	4833.52441406	1195.31469727	34	30198	6.40039110184
286	4833.52441406	1195.31469727	34	30198	6.40039110184
287	4833.52441406	1195.31469727	34	30198	6.40039110184
288	4833.52441406	1195.31469727	34	30198	6.40039110184
289	4833.52441406	1195.31469727	34	30198	6.40039110184
290	4833.52441406	1195.31469727	34	30198	6.40039110184
291	4833.52441406	1195.31469727	34	30198	6.40039110184
292	4833.52441406	1195.31469727	34	30198	6.40039110184
293	4833.52441406	1195.31469727	34	30198	6.40039110184
294	4833.52441406	1195.31469727	34	30198	6.40039110184
295	4833.52441406	1195.31469727	34	30198	6.40039110184
296	4833.52441406	1195.31469727	34	30198	6.40039110184
297	4833.52441406	1195.31469727	34	30198	6.40039110184
298	4833.52441406	1195.31469727	34	30198	6.40039110184
299	4833.52441406	1195.31469727	34	30198	6.40039110184
300	4833.52441406	1195.31469727	34	30198	6.40039110184
301	4833.52441406	1195.31469727	34	30198	6.40039110184
302	4833.52441406	1195.31469727	34	30198	6.40039110184
303	4833.52441406	1195.31469727	34	30198	6.40039110184
304	4833.52441406	1195.31469727	34	30198	6.40039110184
305	4833.52441406	1195.31469727	34	30198	6.40039110184
306	4833.52441406	1195.31469727	34	30198	6.40039110184
307	4833.52441406	1195.31469727	34	30198	6.40039110184
308	4833.52441406	1195.31469727	34	30198	6.40039110184
309	4833.52441406	1195.31469727	34	30198	6.40039110184
310	4833.52441406	1195.31469727	34	30198	6.40039110184
311	4833.52441406	1195.31469727	34	30198	6.40039110184
312	4833.52441406	1195.31469727	34	30198	6.40039110184
313	4833.52441406	1195.31469727	34	30198	6.40039110184
314	4833.52441406	1195.31469727	34	30198	6.40039110184
315	4833.52441406	1195.31469727	34	30198	6.40039110184
316	4833.52441406	1195.31469727	34	30198	6.40039110184
317	4833.52441406	1195.31469727	34	30198	6.40039110184
318	4833.52441406	1195.31469727	34	30198	6.40039110184
319	4833.52441406	1195.31469727	34	30198	6.40039110184
320	4833.52441406	1195.31469727	34	30198	6.40039110184
321	4833.52441406	1195.31469727	34	30198	6.40039110184
322	4833.52441406	1195.31469727	34	30198	6.40039110184
323	4833.52441406	1195.31469727	34	30198	6.40039110184
324	4833.52441406	1195.31469727	34	30198	6.40039110184
325	4833.52441406	1195.31469727	34	30198	6.40039110184
326	4833.52441406	1195.31469727	34	30198	6.40039110184
327	4833.52441406	1195.31469727	34	30198	6.40039110184
328	4833.52441406	1195.31469727	34	30198	6.40039110184
329	4833.52441406	1195.31469727	34	30198	6.40039110184
330	4833.52441406	1195.31469727	34	30198	6.40039110184
331	4833.52441406	1195.31469727	34	30198	6.40039110184
332	4833.52441406	1195.31469727	34	30198	6.40039110184
333	4833.52441406	1195.31469727	34	30198	6.40039110184
334	4833.52441406	1195.31469727	34	30198	6.40039110184
335	4833.52441406	1195.31469727	34	30198	6.40039110184
336	4833.52441406	1195.31469727	34	30198	6.40039110184
337	4833.52441406	1195.31469727	34	30198	6.40039110184
338	4833.52441406	1195.31469727	34	30198	6.40039110184
339	4833.52441406	1195.31469727	34	30198	6.40039110184
340	4833.52441406	1195.31469727	34	30198	6.40039110184
341	4833.52441406	1195.31469727	34	30198	6.40039110184
342	4833.52441406	1195.31469727	34	30198	6.40039110184
343	4833.52441406	1195.31469727	34	30198	6.40039110184
344	4833.52441406	1195.31469727	34	30198	6.40039110184
345	4833.52441406	1195.31469727	34	30198	6.40039110184
346	4833.52441406	1195.31469727	34	30198	6.40039110184
347	4833.52441406	1195.31469727	34	30198	6.40039110184
348	4833.52441406	1195.31469727	34	30198	6.40039110184
349	4833.52441406	1195.31469727	34	30198	6.40039110184
350	4833.52441406	1195.31469727	34	30198	6.40039110184
351	4833.52441406	1195.31469727	34	30198	6.40039110184
352	4833.52441406	1195.31469727	34	30198	6.40039110184
353	4833.52441406	1195.31469727	34	30198	6.40039110184
354	4833.52441406	1195.31469727	34	30198	6.40039110184
355	4833.52441406	1195.31469727	34	30198	6.40039110184
356	4833.52441406	1195.31469727	34	30198	6.40039110184
357	4833.52441406	1195.31469727	34	30198	6.40039110184
358	4833.52441406	1195.31469727	34	30198	6.40039110184
359	4833.52441406	1195.31469727	34	30198	6.40039110184
360	4833.52441406	1195.31469727	34	30198	6.40039110184
361	4833.52441406	1195.31469727	34	30198	6.40039110184
362	4833.52441406	1195.31469727	34	30198	6.40039110184
363	4833.52441406	1195.31469727	34	30198	6.40039110184
364	4833.52441406	1195.31469727	34	30198	6.40039110184
365	4833.52441406	1195.31469727	34	30198	6.40039110184
366	4833.52441406	1195.31469727	34	30198	6.40039110184
367	4833.52441406	1195.31469727	34	30198	6.40039110184
368	4833.52441406	1195.31469727	34	30198	6.40039110184
369	4833.52441406	1195.31469727	34	30198	6.40039110184
370	4833.52441406	1195.31469727	34	30198	6.40039110184
371	4833.52441406	1195.31469727	34	30198	6.40039110184
372	4833.52441406	1195.31469727	34	30198	6.40039110184
373	4833.52441406	1195.31469727	34	30198	6.40039110184
374	4833.52441406	1195.31469727	34	30198	6.40039110184
375	4833.52441406	1195.31469727	34	30198	6.40039110184
376	4833.52441406	1195.31469727	34	30198	6.40039110184
377	4833.52441406	1195.31469727	34	30198	6.40039110184
378	4833.52441406	1195.31469727	34	30198	6.40039110184
379	4833.52441406	1195.31469727	34	30198	6.40039110184
380	4833.52441406	1195.31469727	34	30198	6.40039110184
381	4833.52441406	1195.31469727	34	30198	6.40039110184
382	4833.52441406	1195.31469727	34	30198	6.40039110184
383	4833.52441406	1195.31469727	34	30198	6.40039110184
384	4833.52441406	1195.31469727	34	30198	6.40039110184
385	4833.52441406	1195.31469727	34	30198	6.40039110184
386	4833.52441406	1195.31469727	34	30198	6.40039110184
387	4833.52441406	1195.31469727	34	30198	6.40039110184
388	4833.52441406	1195.31469727	34	30198	6.40039110184
389	4833.52441406	1195.31469727	34	30198	6.40039110184
390	4833.52441406	1195.31469727	34	30198	6.40039110184
391	4833.52441406	1195.31469727	34	30198	6.40039110184
392	4833.52441406	1195.31469727	34	30198	6.40039110184
393	4833.52441406	1195.31469727	34	30198	6.40039110184
394	4833.52441406	1195.31469727	34	30198	6.40039110184
395	4833.52441406	1195.31469727	34	30198	6.40039110184
396	4833.52441406	1195.31469727	34	30198	6.40039110184
397	4833.52441406	1195.31469727	34	30198	6.40039110184
398	4833.52441406	1195.31469727	34	30198	6.40039110184
399	4833.52441406	1195.31469727	34	30198	6.40039110184
400	4833.52441406	1195.31469727	34	30198	6.40039110184
401	4833.52441406	1195.31469727	34	30198	6.40039110184
402	4833.52441406	1195.31469727	34	30198	6.40039110184
403	4833.52441406	1195.31469727	34	30198	6.40039110184
404	4833.52441406	1195.31469727	34	30198	6.40039110184
405	4833.52441406	1195.31469727	34	30198	6.40039110184
406	4833.52441406	1195.31469727	34	30198	6.40039110184
407	4833.52441406	1195.31469727	34	30198	6.40039110184
408	4833.52441406	1195.31469727	34	30198	6.40039110184
409	4833.52441406	1195.31469727	34	30198	6.40039110184
410	4833.52441406	1195.31469727	34	30198	6.40039110184
411	4833.52441406	1195.31469727	34	30198	6.40039110184
412	4833.52441406	1195.31469727	34	30198	6.40039110184
413	4833.52441406	1195.31469727	34	30198	6.40039110184
414	4833.52441406	1195.31469727	34	30198	6.40039110184
415	4833.52441406	1195.31469727	34	30198	6.40039110184
416	4833.52441406	1195.31469727	34	30198	6.40039110184
417	4833.52441406	1195.31469727	34	30198	6.40039110184
418	4833.52441406	1195.31469727	34	30198	6.40039110184
419	4833.52441406	1195.31469727	34	30198	6.40039110184
420	4833.52441406	1195.31469727	34	30198	6.40039110184
421	4833.52441406	1195.31469727	34	30198	6.40039110184
422	4833.52441406	1195.31469727	34	30198	6.40039110184
423	4833.52441406	1195.31469727	34	30198	6.40039110184
424	4833.52441406	1195.31469727	34	30198	6.40039110184
425	4833.52441406	1195.31469727	34	30198	6.40039110184
426	4833.52441406	1195.31469727	34	30198	6.40039110184
427	4833.52441406	1195.31469727	34	30198	6.40039110184
428	4833.52441406	1195.31469727	34	30198	6.40039110184
429	4833.52441406	1195.31469727	34	30198	6.40039110184
430	4833.52441406	1195.31469727	34	30198	6.40039110184
431	4833.52441406	1195.31469727	34	30198	6.40039110184
432	4833.52441406	1195.31469727	34	30198	6.40039110184
433	4833.52441406	1195.31469727	34	30198	6.40039110184
434	4833.52441406	1195.31469727	34	30198	6.40039110184
435	4833.52441406	1195.31469727	34	30198	6.40039110184
436	4833.52441406	1195.31469727	34	30198	6.40039110184
437	4833.52441406	1195.31469727	34	30198	6.40039110184
438	4833.52441406	1195.31469727	34	30198	6.40039110184
439	4833.52441406	1195.31469727	34	30198	6.40039110184
440	4833.52441406	1195.31469727	34	30198	6.40039110184
441	4833.52441406	1195.31469727	34	30198	6.40039110184
442	4833.52441406	1195.31469727	34	30198	6.40039110184
443	4833.52441406	1195.31469727	34	30198	6.40039110184
444	4833.52441406	1195.31469727	34	30198	6.40039110184
445	4833.52441406	1195.31469727	34	30198	6.40039110184
446	4833.52441406	1195.31469727	34	30198	6.40039110184
447	4833.52441406	1195.31469727	34	30198	6.40039110184
448	4833.52441406	1195.31469727	34	30198	6.40039110184
449	4833.52441406	1195.31469727	34	30198	6.40039110184
450	4833.52441406	1195.31469727	34	30198	6.40039110184
451	4833.52441406	1195.31469727	34	30198	6.40039110184
452	4833.52441406	1195.31469727	34	30198	6.40039110184
453	4833.52441406	1195.31469727	34	30198	6.40039110184
454	4833.52441406	1195.31469727	34	30198	6.40039110184
455	4833.52441406	1195.31469727	34	30198	6.40039110184
456	4833.52441406	1195.31469727	34	30198	6.40039110184
457	4833.52441406	1195.31469727	34	30198	6.40039110184
458	4833.52441406	1195.31469727	34	30198	6.40039110184
459	4833.52441406	1195.31469727	34	30198	6.40039110184
460	4833.52441406	1195.31469727	34	30198	6.40039110184
461	4833.52441406	1195.31469727	34	30198	6.40039110184
462	4833.52441406	1195.31469727	34	30198	6.40039110184
463	4833.52441406	1195.31469727	34	30198	6.40039110184
464	4833.52441406	1195.31469727	34	30198	6.40039110184
465	4833.52441406	1195.31469727	34	30198	6.40039110184
466	4833.52441406	1195.31469727	34	30198	6.40039110184
467	4833.52441406	1195.31469727	34	30198	6.40039110184
468	4833.52441406	1195.31469727	34	30198	6.40039110184
469	4833.52441406	1195.31469727	34	30198	6.40039110184
470	4833.52441406	1195.31469727	34	30198	6.40039110184
471	4833.52441406	1195.31469727	34	30198	6.40039110184
472	4833.52441406	1195.31469727	34	30198	6.40039110184
473	4833.52441406	1195.31469727	34	30198	6.40039110184
474	4833.52441406	1195.31469727	34	30198	6.40039110184
475	4833.52441406	1195.31469727	34	30198	6.40039110184
476	4833.52441406	1195.31469727	34	30198	6.40039110184
477	4833.52441406	1195.31469727	34	30198	6.40039110184
478	4833.52441406	1195.31469727	34	30198	6.40039110184
479	4833.52441406	1195.31469727	34	30198	6.40039110184
480	4833.52441406	1195.31469727	34	30198	6.40039110184
481	4833.52441406	1195.31469727	34	30198	6.40039110184
482	4833.52441406	1195.31469727	34	30198	6.40039110184
483	4833.52441406	1195.31469727	34	30198	6.40039110184
484	4833.52441406	1195.31469727	34	30198	6.40039110184
485	4833.52441406	1195.31469727	34	30198	6.40039110184
486	4833.52441406	1195.31469727	34	30198	6.40039110184
487	4833.52441406	1195.31469727	34	30198	6.40039110184
488	4833.52441406	1195.31469727	34	30198	6.40039110184
489	4833.52441406	1195.31469727	34	30198	6.40039110184
490	4833.52441406	1195.31469727	34	30198	6.40039110184
491	4833.52441406	1195.31469727	34	30198	6.40039110184
492	4833.52441406	1195.31469727	34	30198	6.40039110184
493	4833.52441406	1195.31469727	34	30198	6.40039110184
494	4833.52441406	1195.31469727	34	30198	6.40039110184
495	4833.52441406	1195.31469727	34	30198	6.40039110184
496	4833.52441406	1195.31469727	34	30198	6.40039110184
497	4833.52441406	1195.31469727	34	30198	6.40039110184
498	4833.52441406	1195.31469727	34	30198	6.40039110184
499	4833.52441406	1195.31469727	34	30198	6.40039110184
500	4833.52441406	1195.31469727	34	30198	6.40039110184
501	4833.52441406	1195.31469727	34	30198	6.40039110184
502	4833.52441406	1195.31469727	34	30198	6.40039110184
503	4833.52441406	1195.31469727	34	30198	6.40039110184
504	4833.52441406	1195.31469727	34	30198	6.40039110184
505	4833.52441406	1195.31469727	34	30198	6.40039110184
506	4833.52441406	1195.31469727	34	30198	6.40039110184
507	4833.52441406	1195.31469727	34	30198	6.40039110184
508	4833.52441406	1195.31469727	34	30198	6.40039110184
509	4833.52441406	1195.31469727	34	30198	6.40039110184
510	4833.52441406	1195.31469727	34	30198	6.40039110184
511	4833.52441406	1195.31469727	34	30198	6.40039110184
512	4833.52441406	1195.31469727	34	30198	6.40039110184
513	4833.52441406	1195.31469727	34	30198	6.40039110184
514	4833.52441406	1195.31469727	34	30198	6.40039110184
515	4833.52441406	1195.31469727	34	30198	6.40039110184
516	4833.52441406	1195.31469727	34	30198	6.40039110184
517	4833.52441406	1195.31469727	34	30198	6.40039110184
518	4833.52441406	1195.31469727	34	30198	6.40039110184
519	4833.52441406	1195.31469727	34	30198	6.40039110184
520	4833.52441406	1195.31469727	34	30198	6.40039110184
521	4833.52441406	1195.31469727	34	30198	6.40039110184
522	4833.52441406	1195.31469727	34	30198	6.40039110184
523	4833.52441406	1195.31469727	34	30198	6.40039110184
524	4833.52441406	1195.31469727	34	30198	6.40039110184
525	4833.52441406	1195.31469727	34	30198	6.40039110184
526	4833.52441406	1195.31469727	34	30198	6.40039110184
527	4833.52441406	1195.31469727	34	30198	6.40039110184
528	4833.52441406	1195.31469727	34	30198	6.40039110184
529	4833.52441406	1195.31469727	34	30198	6.40039110184
530	4833.52441406	1195.31469727	34	30198	6.40039110184
531	4833.52441406	1195.31469727	34	30198	6.40039110184
532	4833.52441406	1195.31469727	34	30198	6.40039110184
533	4833.52441406	1195.31469727	34	30198	6.40039110184
534	4833.52441406	1195.31469727	34	30198	6.40039110184
535	4833.52441406	1195.31469727	34	30198	6.40039110184
536	4833.52441406	1195.31469727	34	30198	6.40039110184
537	4833.52441406	1195.31469727	34	30198	6.40039110184
538	4833.52441406	1195.31469727	34	30198	6.40039110184
539	4833.52441406	1195.31469727	34	30198	6.40039110184
540	4833.52441406	1195.31469727	34	30198	6.40039110184
541	4833.52441406	1195.31469727	34	30198	6.40039110184
542	4833.52441406	1195.31469727	34	30198	6.40039110184
543	4833.52441406	1195.31469727	34	30198	6.40039110184
544	4833.52441406	1195.31469727	34	30198	6.40039110184
545	4833.52441406	1195.31469727	34	30198	6.40039110184
546	4833.52441406	1195.31469727	34	30198	6.40039110184
547	4833.52441406	1195.31469727	34	30198	6.40039110184
548	4833.52441406	1195.31469727	34	30198	6.40039110184
549	4833.52441406	1195.31469727	34	30198	6.40039110184
550	4833.52441406	1195.31469727	34	30198	6.40039110184
551	4833.52441406	1195.31469727	34	30198	6.40039110184
552	4833.52441406	1195.31469727	34	30198	6.40039110184
553	4833.52441406	1195.31469727	34	30198	6.40039110184
554	4833.52441406	1195.31469727	34	30198	6.40039110184
555	4833.52441406	1195.31469727	34	30198	6.40039110184
556	4833.52441406	1195.31469727	34	30198	6.40039110184
557	4833.52441406	1195.31469727	34	30198	6.40039110184
558	4833.52441406	1195.31469727	34	30198	6.40039110184
559	4833.52441406	1195.31469727	34	30198	6.40039110184
560	4833.52441406	1195.31469727	34	30198	6.40039110184
561	4833.52441406	1195.31469727	34	30198	6.40039110184
562	4833.52441406	1195.31469727	34	30198	6.40039110184
563	4833.52441406	1195.31469727	34	30198	6.40039110184
564	4833.52441406	1195.31469727	34	30198	6.40039110184
565	4833.52441406	1195.31469727	34	30198	6.40039110184
566	4833.52441406	1195.31469727	34	30198	6.40039110184
567	4833.52441406	1195.31469727	34	30198	6.40039110184
568	4833.52441406	1195.31469727	34	30198	6.40039110184
569	4833.52441406	1195.31469727	34	30198	6.40039110184
570	4833.52441406	1195.31469727	34	30198	6.40039110184
571	4833.52441406	1195.31469727	34	30198	6.40039110184
572	4833.52441406	1195.31469727	34	30198	6.40039110184
573	4833.52441406	1195.31469727	34	30198	6.40039110184
574	4833.52441406	1195.31469727	34	30198	6.40039110184
575	4833.52441406	1195.31469727	34	30198	6.40039110184
576	4833.52441406	1195.31469727	34	30198	6.40039110184
577	4833.52441406	1195.31469727	34	30198	6.40039110184
578	4833.52441406	1195.31469727	34	30198	6.40039110184
579	4833.52441406	1195.31469727	34	30198	6.40039110184
580	4833.52441406	1195.31469727	34	30198	6.40039110184
581	4833.52441406	1195.31469727	34	30198	6.40039110184
582	4833.52441406	1195.31469727	34	30198	6.40039110184
583	4833.52441406	1195.31469727	34	30198	6.40039110184
584	4833.52441406	1195.31469727	34	30198	6.40039110184
585	4833.52441406	1195.31469727	34	30198	6.40039110184
586	4833.52441406	1195.31469727	34	30198	6.40039110184
587	4833.52441406	1195.31469727	34	30198	6.40039110184
588	4833.52441406	1195.31469727	34	30198	6.40039110184
589	4833.52441406	1195.31469727	34	30198	6.40039110184
590	4833.52441406	1195.31469727	34	30198	6.40039110184
591	4833.52441406	1195.31469727	34	30198	6.40039110184
592	4833.52441406	1195.31469727	34	30198	6.40039110184
593	4833.52441406	1195.31469727	34	30198	6.40039110184
594	4833.52441406	1195.31469727	34	30198	6.40039110184
595	4833.52441406	1195.31469727	34	30198	6.40039110184
596	4833.52441406	1195.31469727	34	30198	6.40039110184
597	4833.52441406	1195.31469727	34	30198	6.40039110184
598	4833.52441406	1195.31469727	34	30198	6.40039110184
599	4833.52441406	1195.31469727	34	30198	6.40039110184
600	4833.52441406	1195.31469727	34	30198	6.40039110184
601	4833.52441406	1195.31469727	34	30198	6.40039110184
602	4833.52441406	1195.31469727	34	30198	6.40039110184
603	4833.52441406	1195.31469727	34	30198	6.40039110184
604	4833.52441406	1195.31469727	34	30198	6.40039110184
605	4833.52441406	1195.31469727	34	30198	6.40039110184
606	4833.52441406	1195.31469727	34	30198	6.40039110184
607	4833.52441406	1195.31469727	34	30198	6.40039110184
608	4833.52441406	1195.31469727	34	30198	6.40039110184
609	4833.52441406	1195.31469727	34	30198	6.40039110184
610	4833.52441406	1195.31469727	34	30198	6.40039110184
611	4833.52441406	1195.31469727	34	30198	6.40039110184
612	4833.52441406	1195.31469727	34	30198	6.40039110184
613	4833.52441406	1195.31469727	34	30198	6.40039110184
614	4833.52441406	1195.31469727	34	30198	6.40039110184
615	4833.52441406	1195.31469727	34	30198	6.40039110184
616	4833.52441406	1195.31469727	34	30198	6.40039110184
617	4833.52441406	1195.31469727	34	30198	6.40039110184
618	4833.52441406	1195.31469727	34	30198	6.40039110184
619	4833.52441406	1195.31469727	34	30198	6.40039110184
620	4833.52441406	1195.31469727	34	30198	6.40039110184
621	4833.52441406	1195.31469727	34	30198	6.40039110184
622	4833.52441406	1195.31469727	34	30198	6.40039110184
623	4833.52441406	1195.31469727	34	30198	6.40039110184
624	4833.52441406	1195.31469727	34	30198	6.40039110184
625	4833.52441406	1195.31469727	34	30198	6.40039110184
626	4833.52441406	1195.31469727	34	30198	6.40039110184
627	4833.52441406	1195.31469727	34	30198	6.40039110184
628	4833.52441406	1195.31469727	34	30198	6.40039110184
629	4833.52441406	1195.31469727	34	30198	6.40039110184
630	4833.52441406	1195.31469727	34	30198	6.40039110184
631	4833.52441406	1195.31469727	34	30198	6.40039110184
632	4833.52441406	1195.31469727	34	30198	6.40039110184
633	4833.52441406	1195.31469727	34	30198	6.40039110184
634	4833.52441406	1195.31469727	34	30198	6.40039110184
635	4833.52441406	1195.31469727	34	30198	6.40039110184
636	4833.52441406	1195.31469727	34	30198	6.40039110184
637	4833.52441406	1195.31469727	34	30198	6.40039110184
638	4833.52441406	1195.31469727	34	30198	6.40039110184
639	4833.52441406	1195.31469727	34	30198	6.40039110184
640	4833.52441406	1195.31469727	34	30198	6.40039110184
641	4833.52441406	1195.31469727	34	30198	6.40039110184
642	4833.52441406	1195.31469727	34	30198	6.40039110184
643	4833.52441406	1195.31469727	34	30198	6.40039110184
644	4833.52441406	1195.31469727	34	30198	6.40039110184
645	4833.52441406	1195.31469727	34	30198	6.40039110184
646	4833.52441406	1195.31469727	34	30198	6.40039110184
647	4833.52441406	1195.31469727	34	30198	6.40039110184
648	4833.52441406	1195.31469727	34	30198	6.40039110184
649	4833.52441406	1195.31469727	34	30198	6.40039110184
650	4833.52441406	1195.31469727	34	30198	6.40039110184
651	4833.52441406	1195.31469727	34	30198	6.40039110184
652	4833.52441406	1195.31469727	34	30198	6.40039110184
653	4833.52441406	1195.31469727	34	30198	6.40039110184
654	4833.52441406	1195.31469727	34	30198	6.40039110184
655	4833.52441406	1195.31469727	34	30198	6.40039110184
656	4833.52441406	1195.31469727	34	30198	6.40039110184
657	4833.52441406	1195.31469727	34	30198	6.40039110184
658	4833.52441406	1195.31469727	34	30198	6.40039110184
659	4833.52441406	1195.31469727	34	30198	6.40039110184
660	4833.52441406	1195.31469727	34	30198	6.40039110184
661	4833.52441406	1195.31469727	34	30198	6.40039110184
662	4833.52441406	1195.31469727	34	30198	6.40039110184
663	4833.52441406	1195.31469727	34	30198	6.40039110184
664	4833.52441406	1195.31469727	34	30198	6.40039110184
665	4833.52441406	1195.31469727	34	30198	6.40039110184
666	4833.52441406	1195.31469727	34	30198	6.40039110184
667	4833.52441406	1195.31469727	34	30198	6.40039110184
668	4833.52441406	1195.31469727	34	30198	6.40039110184
669	4833.52441406	1195.31469727	34	30198	6.40039110184
670	4833.52441406	1195.31469727	34	30198	6.40039110184
671	4833.52441406	1195.31469727	34	30198	6.40039110184
672	4833.52441406	1195.31469727	34	30198	6.40039110184
673	4833.52441406	1195.31469727	34	30198	6.40039110184
674	4833.52441406	1195.31469727	34	30198	6.40039110184
675	4833.52441406	1195.31469727	34	30198	6.40039110184
676	4833.52441406	1195.31469727	34	30198	6.40039110184
677	4833.52441406	1195.31469727	34	30198	6.40039110184
678	4833.52441406	1195.31469727	34	30198	6.40039110184
679	4833.52441406	1195.31469727	34	30198	6.40039110184
680	4833.52441406	1195.31469727	34	30198	6.40039110184
681	4833.52441406	1195.31469727	34	30198	6.40039110184
682	4833.52441406	1195.31469727	34	30198	6.40039110184
683	4833.52441406	1195.31469727	34	30198	6.40039110184
684	4833.52441406	1195.31469727	34	30198	6.40039110184
685	4833.52441406	1195.31469727	34	30198	6.40039110184
686	4833.52441406	1195.31469727	34	30198	6.40039110184
687	4833.52441406	1195.31469727	34	30198	6.40039110184
688	4833.52441406	1195.31469727	34	30198	6.40039110184
689	4833.52441406	1195.31469727	34	30198	6.40039110184
690	4833.52441406	1195.31469727	34	30198	6.40039110184
691	4833.52441406	1195.31469727	34	30198	6.40039110184
692	4833.52441406	1195.31469727	34	30198	6.40039110184
693	4833.52441406	1195.31469727	34	30198	6.40039110184
694	4833.52441406	1195.31469727	34	30198	6.40039110184
695	4833.52441406	1195.31469727	34	30198	6.40039110184
696	4833.52441406	1195.31469727	34	30198	6.40039110184
697	4833.52441406	1195.31469727	34	30198	6.40039110184
698	4833.52441406	1195.31469727	34	30198	6.40039110184
699	4833.52441406	1195.31469727	34	30198	6.40039110184
700	4833.52441406	1195.31469727	34	30198	6.40039110184
701	4833.52441406	1195.31469727	34	30198	6.40039110184
702	4833.52441406	1195.31469727	34	30198	6.40039110184
703	4833.52441406	1195.31469727	34	30198	6.40039110184
704	4833.52441406	1195.31469727	34	30198	6.40039110184
705	4833.52441406	1195.31469727	34	30198	6.40039110184
706	4833.52441406	1195.31469727	34	30198	6.40039110184
707	4833.52441406	1195.31469727	34	30198	6.40039110184
708	4833.52441406	1195.31469727	34	30198	6.40039110184
709	4833.52441406	1195.31469727	34	30198	6.40039110184
710	4833.52441406	1195.31469727	34	30198	6.40039110184
711	4833.52441406	1195.31469727	34	30198	6.40039110184
712	4833.52441406	1195.31469727	34	30198	6.40039110184
713	4833.52441406	1195.31469727	34	30198	6.40039110184
714	4833.52441406	1195.31469727	34	30198	6.40039110184
715	4833.52441406	1195.31469727	34	30198	6.40039110184
716	4833.52441406	1195.31469727	34	30198	6.40039110184
717	4833.52441406	1195.31469727	34	30198	6.40039110184
718	4833.52441406	1195.31469727	34	30198	6.40039110184
719	4833.52441406	1195.31469727	34	30198	6.40039110184
720	4833.52441406	1195.31469727	34	30198	6.40039110184
721	4833.52441406	1195.31469727	34	30198	6.40039110184
722	4833.52441406	1195.31469727	34	30198	6.40039110184
723	4833.52441406	1195.31469727	34	30198	6.40039110184
724	4833.52441406	1195.31469727	34	30198	6.40039110184
725	4833.52441406	1195.31469727	34	30198	6.40039110184
726	4833.52441406	1195.31469727	34	30198	6.40039110184
727	4833.52441406	1195.31469727	34	30198	6.40039110184
728	4833.52441406	1195.31469727	34	30198	6.40039110184
729	4833.52441406	1195.31469727	34	30198	6.40039110184
730	4833.52441406	1195.31469727	34	30198	6.40039110184
731	4833.52441406	1195.31469727	34	30198	6.40039110184
732	4833.52441406	1195.31469727	34	30198	6.40039110184
733	4833.52441406	1195.31469727	34	30198	6.40039110184
734	4833.52441406	1195.31469727	34	30198	6.40039110184
735	4833.52441406	1195.31469727	34	30198	6.40039110184
736	4833.52441406	1195.31469727	34	30198	6.40039110184
737	4833.52441406	1195.31469727	34	30198	6.40039110184
738	4833.52441406	1195.31469727	34	30198	6.40039110184
739	4833.52441406	1195.31469727	34	30198	6.40039110184
740	4833.52441406	1195.31469727	34	30198	6.40039110184
741	4833.52441406	1195.31469727	34	30198	6.40039110184
742	4833.52441406	1195.31469727	34	30198	6.40039110184
743	4833.52441406	1195.31469727	34	30198	6.40039110184
744	4833.52441406	1195.31469727	34	30198	6.40039110184
745	4833.52441406	1195.31469727	34	30198	6.40039110184
746	4833.52441406	1195.31469727	34	30198	6.40039110184
747	4833.52441406	1195.31469727	34	30198	6.40039110184
748	4833.52441406	1195.31469727	34	30198	6.40039110184
749	4833.52441406	1195.31469727	34	30198	6.40039110184
750	4833.52441406	1195.31469727	34	30198	6.40039110184
751	4833.52441406	1195.31469727	34	30198	6.40039110184
752	4833.52441406	1195.31469727	34	30198	6.40039110184
753	4833.52441406	1195.31469727	34	30198	6.40039110184
754	4833.52441406	1195.31469727	34	30198	6.40039110184
755	4833.52441406	1195.31469727	34	30198	6.40039110184
756	4833.52441406	1195.31469727	34	30198	6.40039110184
757	4833.52441406	1195.31469727	34	30198	6.40039110184
758	4833.52441406	1195.31469727	34	30198	6.40039110184
759	4833.52441406	1195.31469727	34	30198	6.40039110184
760	4833.52441406	1195.31469727	34	30198	6.40039110184
761	4833.52441406	1195.31469727	34	30198	6.40039110184
762	4833.52441406	1195.31469727	34	30198	6.40039110184
763	4833.52441406	1195.31469727	34	30198	6.40039110184
764	4833.52441406	1195.31469727	34	30198	6.40039110184
765	4833.52441406	1195.31469727	34	30198	6.40039110184
766	4833.52441406	1195.31469727	34	30198	6.40039110184
767	4833.52441406	1195.31469727	34	30198	6.40039110184
768	4833.52441406	1195.31469727	34	30198	6.40039110184
769	4833.52441406	1195.31469727	34	30198	6.40039110184
770	4833.52441406	1195.31469727	34	30198	6.40039110184
771	4833.52441406	1195.31469727	34	30198	6.40039110184
772	4833.52441406	1195.31469727	34	30198	6.40039110184
773	4833.52441406	1195.31469727	34	30198	6.40039110184
774	4833.52441406	1195.31469727	34	30198	6.40039110184
775	4833.52441406	1195.31469727	34	30198	6.40039110184
776	4833.52441406	1195.31469727	34	30198	6.40039110184
777	4833.52441406	1195.31469727	34	30198	6.40039110184
778	4833.52441406	1195.31469727	34	30198	6.40039110184
779	4833.52441406	1195.31469727	34	30198	6.40039110184
780	4833.52441406	1195.31469727	34	30198	6.40039110184
781	4833.52441406	1195.31469727	34	30198	6.40039110184
782	4833.52441406	1195.31469727	34	30198	6.40039110184
783	4833.52441406	1195.31469727	34	30198	6.40039110184
784	4833.52441406	1195.31469727	34	30198	6.40039110184
785	4833.52441406	1195.31469727	34	30198	6.40039110184
786	4833.52441406	1195.31469727	34	30198	6.40039110184
787	4833.52441406	1195.31469727	34	30198	6.40039110184
788	4833.52441406	1195.31469727	34	30198	6.40039110184
789	4833.52441406	1195.31469727	34	30198	6.40039110184
790	4833.52441406	1195.31469727	34	30198	6.40039110184
791	4833.52441406	1195.31469727	34	30198	6.40039110184
792	4833.52441406	1195.31469727	34	30198	6.40039110184
793	4833.52441406	1195.31469727	34	30198	6.40039110184
794	4833.52441406	1195.31469727	34	30198	6.40039110184
795	4833.52441406	1195.31469727	34	30198	6.40039110184
796	4833.52441406	1195.31469727	34	30198	6.40039110184
797	4833.52441406	1195.31469727	34	30198	6.40039110184
798	4833.52441406	1195.31469727	34	30198	6.40039110184
799	4833.52441406	1195.31469727	34	30198	6.40039110184
800	4833.52441406	1195.31469727	34	30198	6.40039110184
801	4833.52441406	1195.31469727	34	30198	6.40039110184
802	4833.52441406	1195.31469727	34	30198	6.40039110184
803	4833.52441406	1195.31469727	34	30198	6.40039110184
804	4833.52441406	1195.31469727	34	30198	6.40039110184
805	4833.52441406	1195.31469727	34	30198	6.40039110184
806	4833.52441406	1195.31469727	34	30198	6.40039110184
807	4833.52441406	1195.31469727	34	30198	6.40039110184
808	4833.52441406	1195.31469727	34	30198	6.40039110184
809	4833.52441406	1195.31469727	34	30198	6.40039110184
810	4833.52441406	1195.31469727	34	30198	6.40039110184
811	4833.52441406	1195.31469727	34	30198	6.40039110184
812	4833.52441406	1195.31469727	34	30198	6.40039110184
813	4833.52441406	1195.31469727	34	30198	6.40039110184
814	4833.52441406	1195.31469727	34	30198	6.40039110184
815	4833.52441406	1195.31469727	34	30198	6.40039110184
816	4833.52441406	1195.31469727	34	30198	6.40039110184
817	4833.52441406	1195.31469727	34	30198	6.40039110184
818	4833.52441406	1195.31469727	34	30198	6.40039110184
819	4833.52441406	1195.31469727	34	30198	6.40039110184
820	4833.52441406	1195.31469727	34	30198	6.40039110184
821	4833.52441406	1195.31469727	34	30198	6.40039110184
822	4833.52441406	1195.31469727	34	30198	6.40039110184
823	4833.52441406	1195.31469727	34	30198	6.40039110184
824	4833.52441406	1195.31469727	34	30198	6.40039110184
825	4833.52441406	1195.31469727	34	30198	6.40039110184
826	4833.52441406	1195.31469727	34	30198	6.40039110184
827	4833.52441406	1195.31469727	34	30198	6.40039110184
828	4833.52441406	1195.31469727	34	30198	6.40039110184
829	4833.52441406	1195.31469727	34	30198	6.40039110184
830	4833.52441406	1195.31469727	34	30198	6.40039110184
831	4833.52441406	1195.31469727	34	30198	6.40039110184
832	4833.52441406	1195.31469727	34	30198	6.40039110184
833	4833.52441406	1195.31469727	34	30198	6.40039110184
834	4833.52441406	1195.31469727	34	30198	6.40039110184
835	4833.52441406	1195.31469727	34	30198	6.40039110184
836	4833.52441406	1195.31469727	34	30198	6.40039110184
837	4833.52441406	1195.31469727	34	30198	6.40039110184
838	4833.52441406	1195.31469727	34	30198	6.40039110184
839	4833.52441406	1195.31469727	34	30198	3.52908992767
840	4833.52441406	1195.31469727	34	30198	2.42755436897
841	4833.52441406	1195.31469727	34	30198	2.42755436897
842	4833.52441406	1195.31469727	34	30198	2.20307087898
843	4833.52441406	1195.31469727	34	30198	3.97283625603
844	4805.45458984	1220.92834473	33	30029	9.92948055267
845	4682.10400391	1346.46044922	30	29246	19.201171875
846	4525.16357422	1608.36328125	19	27884	45.2464790344
847	4293.56542969	1968.45141602	357	25972	50.1015892029
848	3871.25219727	2158.26733398	337	23850	22.954744339
849	3416.65234375	2012.21252441	331	21707	3.0853433609
850	2967.00927734	1805.92700195	327	19506	11.6940259933
851	2517.21679688	1581.07385254	321	17264	3.74835276604
852	2159.99487305	1209.81958008	325	14965	-16.7736167908
853	1799.58398438	873.923095703	332	11729	3.74835276604
854	1189.37402344	509.336120605	335	9495	-16.7736167908
855	779.538513184	194.824630737	345	6816	-3.0853433609
856	261.909118652	48.4793815613	346	4898	0.219262972474
857	-19.7023029327	-18.2479133606	345	3611	2.64681744576
858	-131.28276062	-43.7792015076	345	3102	2.86608052254
859	-128.013809204	-42.8790435791	345	3117	16.9928817749
860	-86.2883529663	-59.1408462524	347	3317	41.7173919678
861	9.59450721741	-116.953552246	352	3831	37.520072937
862	69.6534194946	-136.044143677	354	4105	7.06340026855
863	68.8938522339	-134.529296875	354	4095	22.7302627563
864	38.3287162781	-120.911331177	352	3946	34.4295082092
865	19.6687698364	-111.978050232	352	3854	32.6649627686
866	21.1216754913	-112.582962036	352	3861	28.472864151
867	20.0558509827	-112.224746704	352	3856	27.5905914307
868	2.27761125565	-106.541687012	351	3773	26.7083187103
869	-36.0110969543	-97.7403411865	350	3598	16.9928817749
870	-46.0928077698	-96.8814849854	350	3553	16.1106090546
871	-43.1990852356	-97.2928237915	350	3566	19.6449184418
872	-39.4212417603	-97.8785247803	350	3583	19.4204349518
873	-22.0864543915	-100.557853699	350	3661	18.5381641388
874	-20.5361557007	-100.869125366	350	3668	7.28266334534
875	-20.0911521912	-100.804153442	350	3669	0.438525944948
876	-20.5344276428	-100.880264282	350	3668	4.41136264801
877	-20.5344276428	-100.880264282	350	3668	2.20307087898
878	-20.5344276428	-100.880264282	350	3668	2.20307087898
879	-20.5344276428	-100.880264282	350	3668	2.20307087898
880	-20.5344276428	-100.880264282	350	3668	2.20307087898
881	-20.5344276428	-100.880264282	350	3668	2.20307087898
882	-20.5344276428	-100.880264282	350	3668	2.20307087898
883	-20.5344276428	-100.880264282	350	3668	2.20307087898
884	-20.5344276428	-100.880264282	350	3668	2.42755436897
885	-20.5344276428	-100.880264282	350	3668	2.42755436897
886	-20.5344276428	-100.880264282	350	3668	2.42755436897
887	-20.5344276428	-100.880264282	350	3668	2.42755436897
888	-20.5344276428	-100.880264282	350	3668	2.42755436897
889	-20.5344276428	-100.880264282	350	3668	2.42755436897
890	-20.5344276428	-100.880264282	350	3668	2.42755436897
891	-20.5344276428	-100.880264282	350	3668	2.42755436897
892	-20.5344276428	-100.880264282	350	3668	2.42755436897
893	-20.5344276428	-100.880264282	350	3668	2.42755436897
894	-20.5344276428	-100.880264282	350	3668	1.98380792141
895	-20.5344276428	-100.880264282	350	3668	1.98380792141
896	-20.5344276428	-100.880264282	350	3668	1.98380792141
897	-20.5344276428	-100.880264282	350	3668	2.20307087898
898	-20.5344276428	-100.880264282	350	3668	2.20307087898
899	-20.5344276428	-100.880264282	350	3668	2.42755436897
900	-20.5344276428	-100.880264282	350	3668	2.42755436897
901	-20.5344276428	-100.880264282	350	3668	2.42755436897
902	-20.5344276428	-100.880264282	350	3668	2.42755436897
903	-20.5344276428	-100.880264282	350	3668	2.42755436897
904	-20.5344276428	-100.880264282	350	3668	2.42755436897
905	-20.5344276428	-100.880264282	350	3668	2.42755436897
906	-20.5344276428	-100.880264282	350	3668	2.42755436897
907	-20.5344276428	-100.880264282	350	3668	2.42755436897
908	-20.5344276428	-100.880264282	350	3668	2.42755436897
909	-20.5344276428	-100.880264282	350	3668	1.98380792141
910	-20.5344276428	-100.880264282	350	3668	1.98380792141
911	-20.5344276428	-100.880264282	350	3668	2.20307087898
912	-20.5344276428	-100.880264282	350	3668	2.20307087898
913	-20.5344276428	-100.880264282	350	3668	2.20307087898
914	-20.5344276428	-100.880264282	350	3668	2.42755436897
915	-20.5344276428	-100.880264282	350	3668	2.42755436897
916	-20.5344276428	-100.880264282	350	3668	2.42755436897
917	-20.5344276428	-100.880264282	350	3668	2.42755436897
918	-20.5344276428	-100.880264282	350	3668	2.42755436897
919	-20.5344276428	-100.880264282	350	3668	2.42755436897
920	-20.5344276428	-100.880264282	350	3668	2.42755436897
921	-20.5344276428	-100.880264282	350	3668	2.42755436897
922	-20.5344276428	-100.880264282	350	3668	12.5815191269
923	-20.5344276428	-100.880264282	350	3668	12.5815191269
924	-20.5344276428	-100.880264282	350	3668	12.5815191269
925	-20.5344276428	-100.880264282	350	3668	12.5815191269
926	-20.5344276428	-100.880264282	350	3668	12.5815191269
927	-20.5344276428	-100.880264282	350	3668	12.5815191269
928	-20.5344276428	-100.880264282	350	3668	12.5815191269
929	-20.5344276428	-100.880264282	350	3668	12.5815191269
930	-20.5344276428	-100.880264282	350	3668	12.5815191269
931	-20.5344276428	-100.880264282	350	3668	12.5815191269
932	-20.5344276428	-100.880264282	350	3668	12.5815191269
933	-20.5344276428	-100.880264282	350	3668	12.5815191269
934	-20.5344276428	-100.880264282	350	3668	12.5815191269
935	-20.5344276428	-100.880264282	350	3668	12.5815191269
936	-20.5344276428	-100.880264282	350	3668	12.5815191269
937	-20.5344276428	-100.880264282	350	3668	12.5815191269
938	-20.5344276428	-100.880264282	350	3668	12.5815191269
939	-20.5344276428	-100.880264282	350	3668	12.5815191269
940	-20.5344276428	-100.880264282	350	3668	12.5815191269
941	-20.5344276428	-100.880264282	350	3668	12.5815191269
942	-20.5344276428	-100.880264282	350	3668	12.5815191269
943	-20.5344276428	-100.880264282	350	3668	12.5815191269
944	-20.5344276428	-100.880264282	350	3668	12.5815191269
945	-20.5344276428	-100.880264282	350	3668	12.5815191269
946	-20.5344276428	-100.880264282	350	3668	12.5815191269
947	-20.5344276428	-100.880264282	350	3668	12.5815191269
948	-20.5344276428	-100.880264282	350	3668	12.5815191269
949	-20.5344276428	-100.880264282	350	3668	12.5815191269
950	-20.5344276428	-100.880264282	350	3668	12.5815191269
951	-20.5344276428	-100.880264282	350	3668	12.5815191269
952	-20.5344276428	-100.880264282	350	3668	12.5815191269
953	-20.5344276428	-100.880264282	350	3668	12.5815191269
954	-20.5344276428	-100.880264282	350	3668	12.5815191269
955	-20.5344276428	-100.880264282	350	3668	12.5815191269
956	-20.5344276428	-100.880264282	350	3668	12.5815191269
957	-20.5344276428	-100.880264282	350	3668	12.5815191269
958	-20.5344276428	-100.880264282	350	3668	12.5815191269
959	-20.5344276428	-100.880264282	350	3668	12.5815191269
960	-20.5344276428	-100.880264282	350	3668	12.5815191269
961	-20.5344276428	-100.880264282	350	3668	12.5815191269
962	-20.5344276428	-100.880264282	350	3668	12.5815191269
963	-20.5344276428	-100.880264282	350	3668	12.5815191269
964	-20.5344276428	-100.880264282	350	3668	12.5815191269
965	-20.5344276428	-100.880264282	350	3668	12.5815191269
966	-20.5344276428	-100.880264282	350	3668	12.5815191269
967	-20.5344276428	-100.880264282	350	3668	12.5815191269
968	-20.5344276428	-100.880264282	350	3668	12.5815191269
969	-20.5344276428	-100.880264282	350	3668	12.5815191269
970	-20.5344276428	-100.880264282	350	3668	12.5815191269
971	-20.5344276428	-100.880264282	350	3668	12.5815191269
972	-20.5344276428	-100.880264282	350	3668	12.5815191269
973	-20.5344276428	-100.880264282	350	3668	12.5815191269
974	-20.5344276428	-100.880264282	350	3668	12.5815191269
975	-20.5344276428	-100.880264282	350	3668	12.5815191269
976	-20.5344276428	-100.880264282	350	3668	12.5815191269
977	-20.5344276428	-100.880264282	350	3668	12.5815191269
978	-20.5344276428	-100.880264282	350	3668	12.5815191269
979	-20.5344276428	-100.880264282	350	3668	12.5815191269
980	-20.5344276428	-100.880264282	350	3668	12.5815191269
981	-20.5344276428	-100.880264282	350	3668	12.5815191269
982	-20.5344276428	-100.880264282	350	3668	12.5815191269
983	-20.5344276428	-100.880264282	350	3668	12.5815191269
984	-20.5344276428	-100.880264282	350	3668	12.5815191269
985	-20.5344276428	-100.880264282	350	3668	12.5815191269
986	-20.5344276428	-100.880264282	350	3668	12.5815191269
987	-20.5344276428	-100.880264282	350	3668	12.5815191269
988	-20.5344276428	-100.880264282	350	3668	12.5815191269
989	-20.5344276428	-100.880264282	350	3668	12.5815191269
990	-20.5344276428	-100.880264282	350	3668	12.5815191269
991	-20.5344276428	-100.880264282	350	3668	12.5815191269
992	-20.5344276428	-100.880264282	350	3668	12.5815191269
993	-20.5344276428	-100.880264282	350	3668	12.5815191269
994	-20.5344276428	-100.880264282	350	3668	12.5815191269
995	-20.5344276428	-100.880264282	350	3668	12.5815191269
996	-20.5344276428	-100.880264282	350	3668	12.5815191269
997	-20.5344276428	-100.880264282	350	3668	12.5815191269
998	-20.5344276428	-100.880264282	350	3668	12.5815191269
999	-20.5344276428	-100.880264282	350	3668	12.5815191269
1000	-20.5344276428	-100.880264282	350	3668	12.5815191269
1001	-20.5344276428	-100.880264282	350	3668	12.5815191269
1002	-20.5344276428	-100.880264282	350	3668	12.5815191269
1003	-20.5344276428	-100.880264282	350	3668	12.5815191269
1004	-20.5344276428	-100.880264282	350	3668	12.5815191269
1005	-20.5344276428	-100.880264282	350	3668	12.5815191269
1006	-20.5344276428	-100.880264282	350	3668	12.5815191269
1007	-20.5344276428	-100.880264282	350	3668	12.5815191269
1008	-20.5344276428	-100.880264282	350	3668	12.5815191269
1009	-20.5344276428	-100.880264282	350	3668	12.5815191269
1010	-20.5344276428	-100.880264282	350	3668	12.5815191269
1011	-20.5344276428	-100.880264282	350	3668	12.5815191269
1012	-20.5344276428	-100.880264282	350	3668	12.5815191269
1013	-20.5344276428	-100.880264282	350	3668	12.5815191269
1014	-20.5344276428	-100.880264282	350	3668	12.5815191269
1015	-20.5344276428	-100.880264282	350	3668	12.5815191269
1016	-20.5344276428	-100.880264282	350	3668	12.5815191269
1017	-20.5344276428	-100.880264282	350	3668	12.5815191269
1018	-20.5344276428	-100.880264282	350	3668	12.5815191269
1019	-20.5344276428	-100.880264282	350	3668	12.5815191269
1020	-20.5344276428	-100.880264282	350	3668	12.5815191269
1021	-20.5344276428	-100.880264282	350	3668	12.5815191269
1022	-20.5344276428	-100.880264282	350	3668	12.5815191269
1023	-20.5344276428	-100.880264282	350	3668	12.5815191269
1024	-20.5344276428	-100.880264282	350	3668	12.5815191269
1025	-20.5344276428	-100.880264282	350	3668	12.5815191269
1026	-20.5344276428	-100.880264282	350	3668	12.5815191269
1027	-20.5344276428	-100.880264282	350	3668	12.5815191269
1028	-20.5344276428	-100.880264282	350	3668	12.5815191269
1029	-20.5344276428	-100.880264282	350	3668	12.5815191269
1030	-20.5344276428	-100.880264282	350	3668	12.5815191269
1031	-20.5344276428	-100.880264282	350	3668	12.5815191269
1032	-20.5344276428	-100.880264282	350	3668	12.5815191269
1033	-20.5344276428	-100.880264282	350	3668	12.5815191269
1034	-20.5344276428	-100.880264282	350	3668	12.5815191269
1035	-20.5344276428	-100.880264282	350	3668	12.5815191269
1036	-20.5344276428	-100.880264282	350	3668	12.5815191269
1037	-20.5344276428	-100.880264282	350	3668	12.5815191269
1038	-20.5344276428	-100.880264282	350	3668	12.5815191269
1039	-20.5344276428	-100.880264282	350	3668	12.5815191269
1040	-20.5344276428	-100.880264282	350	3668	12.5815191269
1041	-20.5344276428	-100.880264282	350	3668	12.5815191269
1042	-20.5344276428	-100.880264282	350	3668	12.5815191269
1043	-20.5344276428	-100.880264282	350	3668	12.5815191269
1044	-20.5344276428	-100.880264282	350	3668	12.5815191269
1045	-20.5344276428	-100.880264282	350	3668	12.5815191269
1046	-20.5344276428	-100.880264282	350	3668	12.5815191269
1047	-20.5344276428	-100.880264282	350	3668	12.5815191269
1048	-20.5344276428	-100.880264282	350	3668	12.5815191269
1049	-20.5344276428	-100.880264282	350	3668	12.5815191269
1050	-20.5344276428	-100.880264282	350	3668	12.5815191269
1051	-20.5344276428	-100.880264282	350	3668	12.5815191269
1052	-20.5344276428	-100.880264282	350	3668	12.5815191269
1053	-20.5344276428	-100.880264282	350	3668	12.5815191269
1054	-20.5344276428	-100.880264282	350	3668	12.5815191269
1055	-20.5344276428	-100.880264282	350	3668	12.5815191269
1056	-20.5344276428	-100.880264282	350	3668	12.5815191269
1057	-20.5344276428	-100.880264282	350	3668	12.5815191269
1058	-20.5344276428	-100.880264282	350	3668	12.5815191269
1059	-20.5344276428	-100.880264282	350	3668	12.5815191269
1060	-20.5344276428	-100.880264282	350	3668	12.5815191269
1061	-20.5344276428	-100.880264282	350	3668	12.5815191269
1062	-20.5344276428	-100.880264282	350	3668	12.5815191269
1063	-20.5344276428	-100.880264282	350	3668	12.5815191269
1064	-20.5344276428	-100.880264282	350	3668	12.5815191269
1065	-20.5344276428	-100.880264282	350	3668	12.5815191269
1066	-20.5344276428	-100.880264282	350	3668	12.5815191269
1067	-20.5344276428	-100.880264282	350	3668	12.5815191269
1068	-20.5344276428	-100.880264282	350	3668	12.5815191269
1069	-20.5344276428	-100.880264282	350	3668	12.5815191269
1070	-20.5344276428	-100.880264282	350	3668	12.5815191269
1071	-20.5344276428	-100.880264282	350	3668	12.5815191269
1072	-20.5344276428	-100.880264282	350	3668	12.5815191269
1073	-20.5344276428	-100.880264282	350	3668	12.5815191269
1074	-20.5344276428	-100.880264282	350	3668	12.5815191269
1075	-20.5344276428	-100.880264282	350	3668	12.5815191269
1076	-20.5344276428	-100.880264282	350	3668	12.5815191269
1077	-20.5344276428	-100.880264282	350	3668	12.5815191269
1078	-20.5344276428	-100.880264282	350	3668	12.5815191269
1079	-20.5344276428	-100.880264282	350	3668	12.5815191269
1080	-20.5344276428	-100.880264282	350	3668	12.5815191269
1081	-20.5344276428	-100.880264282	350	3668	12.5815191269
1082	-20.5344276428	-100.880264282	350	3668	12.5815191269
1083	-20.5344276428	-100.880264282	350	3668	12.5815191269
1084	-20.5344276428	-100.880264282	350	3668	12.5815191269
1085	-20.5344276428	-100.880264282	350	3668	12.5815191269
1086	-20.5344276428	-100.880264282	350	3668	12.5815191269
1087	-20.5344276428	-100.880264282	350	3668	12.5815191269
1088	-20.5344276428	-100.880264282	350	3668	12.5815191269
1089	-20.5344276428	-100.880264282	350	3668	12.5815191269
1090	-20.5344276428	-100.880264282	350	3668	12.5815191269
1091	-20.5344276428	-100.880264282	350	3668	12.5815191269
1092	-20.5344276428	-100.880264282	350	3668	12.5815191269
1093	-20.5344276428	-100.880264282	350	3668	12.5815191269
1094	-20.5344276428	-100.880264282	350	3668	12.5815191269
1095	-20.5344276428	-100.880264282	350	3668	12.5815191269
1096	-20.5344276428	-100.880264282	350	3668	12.5815191269
1097	-20.5344276428	-100.880264282	350	3668	12.5815191269
1098	-20.5344276428	-100.880264282	350	3668	12.5815191269
1099	-20.5344276428	-100.880264282	350	3668	12.5815191269
1100	-20.5344276428	-100.880264282	350	3668	12.5815191269
1101	-20.5344276428	-100.880264282	350	3668	12.5815191269
1102	-20.5344276428	-100.880264282	350	3668	12.5815191269
1103	-20.5344276428	-100.880264282	350	3668	12.5815191269
1104	-20.5344276428	-100.880264282	350	3668	12.5815191269
1105	-20.5344276428	-100.880264282	350	3668	12.5815191269
1106	-20.5344276428	-100.880264282	350	3668	12.5815191269
1107	-20.5344276428	-100.880264282	350	3668	12.5815191269
1108	-20.5344276428	-100.880264282	350	3668	12.5815191269
1109	-20.5344276428	-100.880264282	350	3668	12.5815191269
1110	-20.5344276428	-100.880264282	350	3668	12.5815191269
1111	-20.5344276428	-100.880264282	350	3668	12.5815191269
1112	-20.5344276428	-100.880264282	350	3668	12.5815191269
1113	-20.5344276428	-100.880264282	350	3668	12.5815191269
1114	-20.5344276428	-100.880264282	350	3668	12.5815191269
1115	-20.5344276428	-100.880264282	350	3668	12.5815191269
1116	-20.5344276428	-100.880264282	350	3668	12.5815191269
1117	-20.5344276428	-100.880264282	350	3668	12.5815191269
1118	-20.5344276428	-100.880264282	350	3668	12.5815191269
1119	-20.5344276428	-100.880264282	350	3668	12.5815191269
1120	-20.5344276428	-100.880264282	350	3668	12.5815191269
1121	-20.5344276428	-100.880264282	350	3668	12.5815191269
1122	-20.5344276428	-100.880264282	350	3668	12.5815191269
1123	-20.5344276428	-100.880264282	350	3668	12.5815191269
1124	-20.5344276428	-100.880264282	350	3668	12.5815191269
1125	-20.5344276428	-100.880264282	350	3668	12.5815191269
1126	-20.5344276428	-100.880264282	350	3668	12.5815191269
1127	-20.5344276428	-100.880264282	350	3668	12.5815191269
1128	-20.5344276428	-100.880264282	350	3668	12.5815191269
1129	-20.5344276428	-100.880264282	350	3668	12.5815191269
1130	-20.5344276428	-100.880264282	350	3668	12.5815191269
1131	-20.5344276428	-100.880264282	350	3668	12.5815191269
1132	-20.5344276428	-100.880264282	350	3668	12.5815191269
1133	-20.5344276428	-100.880264282	350	3668	12.5815191269
1134	-20.5344276428	-100.880264282	350	3668	12.5815191269
1135	-20.5344276428	-100.880264282	350	3668	12.5815191269
1136	-20.5344276428	-100.880264282	350	3668	12.5815191269
1137	-20.5344276428	-100.880264282	350	3668	12.5815191269
1138	-20.5344276428	-100.880264282	350	3668	12.5815191269
1139	-20.5344276428	-100.880264282	350	3668	12.5815191269
1140	-20.5344276428	-100.880264282	350	3668	12.5815191269
1141	-20.5344276428	-100.880264282	350	3668	12.5815191269
1142	-20.5344276428	-100.880264282	350	3668	12.5815191269
1143	-20.5344276428	-100.880264282	350	3668	12.5815191269
1144	-20.5344276428	-100.880264282	350	3668	12.5815191269
1145	-20.5344276428	-100.880264282	350	3668	12.5815191269
1146	-20.5344276428	-100.880264282	350	3668	12.5815191269
1147	-20.5344276428	-100.880264282	350	3668	12.5815191269
1148	-20.5344276428	-100.880264282	350	3668	12.5815191269
1149	-20.5344276428	-100.880264282	350	3668	12.5815191269
1150	-20.5344276428	-100.880264282	350	3668	12.5815191269
1151	-20.5344276428	-100.880264282	350	3668	12.5815191269
1152	-20.5344276428	-100.880264282	350	3668	12.5815191269
1153	-20.5344276428	-100.880264282	350	3668	12.5815191269
1154	-20.5344276428	-100.880264282	350	3668	12.5815191269
1155	-20.5344276428	-100.880264282	350	3668	12.5815191269
1156	-20.5344276428	-100.880264282	350	3668	12.5815191269
1157	-20.5344276428	-100.880264282	350	3668	12.5815191269
1158	-20.5344276428	-100.880264282	350	3668	12.5815191269
1159	-20.5344276428	-100.880264282	350	3668	12.5815191269
1160	-20.5344276428	-100.880264282	350	3668	12.5815191269
1161	-20.5344276428	-100.880264282	350	3668	12.5815191269
1162	-20.5344276428	-100.880264282	350	3668	12.5815191269
1163	-20.5344276428	-100.880264282	350	3668	12.5815191269
1164	-20.5344276428	-100.880264282	350	3668	12.5815191269
1165	-20.5344276428	-100.880264282	350	3668	12.5815191269
1166	-20.5344276428	-100.880264282	350	3668	12.5815191269
1167	-20.5344276428	-100.880264282	350	3668	12.5815191269
1168	-20.5344276428	-100.880264282	350	3668	12.5815191269
1169	-20.5344276428	-100.880264282	350	3668	12.5815191269
1170	-20.5344276428	-100.880264282	350	3668	12.5815191269
1171	-20.5344276428	-100.880264282	350	3668	12.5815191269
1172	-20.5344276428	-100.880264282	350	3668	12.5815191269
1173	-20.5344276428	-100.880264282	350	3668	12.5815191269
1174	-20.5344276428	-100.880264282	350	3668	12.5815191269
1175	-20.5344276428	-100.880264282	350	3668	12.5815191269
1176	-20.5344276428	-100.880264282	350	3668	12.5815191269
1177	-20.5344276428	-100.880264282	350	3668	12.5815191269
1178	-20.5344276428	-100.880264282	350	3668	12.5815191269
1179	-20.5344276428	-100.880264282	350	3668	12.5815191269
1180	-20.5344276428	-100.880264282	350	3668	12.5815191269
1181	-20.5344276428	-100.880264282	350	3668	12.5815191269
1182	-20.5344276428	-100.880264282	350	3668	12.5815191269
1183	-20.5344276428	-100.880264282	350	3668	12.5815191269
1184	-20.5344276428	-100.880264282	350	3668	12.5815191269
1185	-20.5344276428	-100.880264282	350	3668	12.5815191269
