###Truck route record
###S.No.	VF	VL	Heading	Encoder-Raw	Tiller-Angle
1	0.0	0.0	0	0	5.95664453506
2	0.0	0.0	0	0	5.95664453506
3	0.0	0.0	0	0	5.95664453506
4	0.0	0.0	0	0	5.95664453506
5	0.0	0.0	0	0	5.95664453506
6	0.0	0.0	0	0	5.95664453506
7	0.0	0.0	0	0	5.95664453506
8	0.0	0.0	0	0	5.95664453506
9	0.0	0.0	0	0	5.95664453506
10	-0.449387222528	0.0181618090719	0	-2	1.32079851627
11	39.1245307922	-0.6158182621	0	174	0.882272481918
12	227.094558716	-3.98756217957	0	1010	0.882272481918
13	530.606079102	-10.8274469376	0	2360	0.882272481918
14	814.743530273	-18.779045105	0	3624	0.882272481918
15	1013.88305664	-25.2401275635	1	4537	0.882272481918
16	1150.29956055	-30.0882911682	1	5117	0.882272481918
17	1228.95263672	-33.0393753052	1	5480	0.882272481918
18	1310.07275391	-36.203502655	1	5843	0.882272481918
19	1407.81518555	-40.1790885925	1	6263	0.882272481918
20	1502.40466309	-44.1955184937	1	6684	0.882272481918
21	1593.16784668	-48.2058410645	1	7088	0.882272481918
22	1686.61962891	-52.4952392578	1	7504	0.882272481918
23	1783.88244629	-57.1323280334	1	7937	0.882272481918
24	1807.69140625	-58.2940597534	1	8043	0.882272481918
25	1807.69140625	-58.2940597534	1	8043	0.882272481918
26	1807.69140625	-58.2940597534	1	8043	0.882272481918
27	1807.69140625	-58.2940597534	1	8043	0.882272481918
28	1807.69140625	-58.2940597534	1	8043	0.882272481918
29	1807.69140625	-58.2940597534	1	8043	0.882272481918
30	1807.69140625	-58.2940597534	1	8043	0.882272481918
31	1807.69140625	-58.2940597534	1	8043	0.882272481918
32	1807.69140625	-58.2940597534	1	8043	0.882272481918
33	1807.69140625	-58.2940597534	1	8043	0.882272481918
34	1807.69140625	-58.2940597534	1	8043	0.882272481918
35	1807.69140625	-58.2940597534	1	8043	0.882272481918
36	1807.69140625	-58.2940597534	1	8043	0.882272481918
37	1807.69140625	-58.2940597534	1	8043	0.882272481918
38	1807.69140625	-58.2940597534	1	8043	0.882272481918
39	1807.69140625	-58.2940597534	1	8043	0.882272481918
40	1807.69140625	-58.2940597534	1	8043	0.882272481918
41	1807.69140625	-58.2940597534	1	8043	0.882272481918
42	1807.69140625	-58.2940597534	1	8043	0.882272481918
43	1807.69140625	-58.2940597534	1	8043	0.882272481918
44	1807.69140625	-58.2940597534	1	8043	0.882272481918
45	1807.69140625	-58.2940597534	1	8043	0.882272481918
46	1807.69140625	-58.2940597534	1	8043	0.882272481918
47	1807.69140625	-58.2940597534	1	8043	0.882272481918
48	1807.69140625	-58.2940597534	1	8043	0.882272481918
49	1807.69140625	-58.2940597534	1	8043	0.882272481918
50	1807.69140625	-58.2940597534	1	8043	0.882272481918
51	1807.69140625	-58.2940597534	1	8043	0.882272481918
52	1807.69140625	-58.2940597534	1	8043	0.882272481918
53	1807.69140625	-58.2940597534	1	8043	0.882272481918
54	1807.69140625	-58.2940597534	1	8043	0.882272481918
55	1807.69140625	-58.2940597534	1	8043	0.882272481918
56	1807.69140625	-58.2940597534	1	8043	0.882272481918
57	1807.69140625	-58.2940597534	1	8043	0.882272481918
58	1807.69140625	-58.2940597534	1	8043	0.882272481918
59	1807.69140625	-58.2940597534	1	8043	0.882272481918
60	1807.69140625	-58.2940597534	1	8043	0.882272481918
61	1807.69140625	-58.2940597534	1	8043	0.882272481918
62	1807.69140625	-58.2940597534	1	8043	0.882272481918
63	1807.69140625	-58.2940597534	1	8043	0.882272481918
64	1807.69140625	-58.2940597534	1	8043	0.882272481918
65	1807.69140625	-58.2940597534	1	8043	0.882272481918
66	1807.69140625	-58.2940597534	1	8043	0.882272481918
67	1807.69140625	-58.2940597534	1	8043	0.882272481918
68	1807.69140625	-58.2940597534	1	8043	0.882272481918
69	1807.69140625	-58.2940597534	1	8043	0.882272481918
70	1807.69140625	-58.2940597534	1	8043	0.882272481918
71	1807.69140625	-58.2940597534	1	8043	0.882272481918
72	1807.69140625	-58.2940597534	1	8043	0.882272481918
73	1807.69140625	-58.2940597534	1	8043	0.882272481918
74	1807.69140625	-58.2940597534	1	8043	0.882272481918
75	1807.69140625	-58.2940597534	1	8043	0.882272481918
76	1807.69140625	-58.2940597534	1	8043	0.882272481918
77	1807.69140625	-58.2940597534	1	8043	0.882272481918
78	1807.69140625	-58.2940597534	1	8043	0.882272481918
79	1807.69140625	-58.2940597534	1	8043	0.882272481918
80	1807.69140625	-58.2940597534	1	8043	0.882272481918
81	1807.69140625	-58.2940597534	1	8043	0.882272481918
82	1807.69140625	-58.2940597534	1	8043	0.882272481918
83	1807.69140625	-58.2940597534	1	8043	0.882272481918
84	1807.69140625	-58.2940597534	1	8043	0.882272481918
