###Truck route record
###S.No.	VF	VL	Heading	Encoder-Raw	Tiller-Angle
1	0.0	0.0	0	0	-4.19209957123
2	0.0	0.0	0	0	-4.19209957123
3	0.0	0.0	0	0	-4.19209957123
4	0.0	0.0	0	0	-4.19209957123
5	0.0	0.0	0	0	-4.19209957123
6	0.0	0.0	0	0	-4.19209957123
7	0.0	0.0	0	0	-4.19209957123
8	0.0	0.0	0	0	-4.19209957123
9	0.0	0.0	0	0	-4.19209957123
10	2.01849722862	0.148154780269	-5741	9	-4.19209957123
11	17.9686450958	0.807557582855	-28096	86	-1.10153543949
12	71.0338592529	1.64062952995	2756	316	-0.657788932323
13	151.30531311	3.02055692673	-24216	688	-0.882272481918
14	260.247192383	7.78741550446	-19424	1158	-3.52908992767
15	391.614044189	18.1917858124	24496	1744	-4.19209957123
16	548.557250977	35.927822113	-23991	2473	-5.07437181473
17	736.553771973	62.7682991028	-22283	3322	-6.17590761185
18	940.721496582	100.114402771	11796	4250	-6.40039110184
19	1178.52990723	151.563293457	-7746	5296	-6.40039110184
20	1432.44714355	219.428375244	13598	6465	-7.72118902206
21	1703.19165039	312.866119385	2814	7739	-9.71021747589
22	1964.82580566	427.245269775	2906	9054	-10.1487436295
23	2218.63745117	558.09362793	5718	10324	-10.1487436295
24	2472.01611328	709.160766602	3724	11591	-10.1487436295
25	2708.71362305	872.074462891	-12382	12869	-10.3732280731
26	2945.13964844	1059.16650391	-12762	14210	-10.811753273
27	3166.74902344	1262.61071777	14016	15596	-10.811753273
28	3373.12744141	1479.6328125	11070	16928	-10.811753273
29	3571.21875	1718.73681641	30336	18261	-10.5924901962
30	3747.20898438	1961.61352539	30900	19595	-10.5924901962
31	3920.7253418	2242.62817383	-29640	21064	-10.811753273
32	4064.421875	2527.98828125	12494	22541	-11.036236763
33	4190.12060547	2812.10546875	12970	23868	-10.811753273
34	4291.07519531	3092.42333984	32427	25193	-9.71021747589
35	4379.04150391	3377.06958008	5921	26518	-9.26647090912
36	4461.94482422	3664.19824219	13947	27897	-5.07437181473
37	4553.16113281	3962.90478516	29077	29240	-3.52908992767
38	4642.54980469	4250.46191406	18400	30575	-3.0853433609
39	4731.10351562	4538.72705078	-2242	31916	-1.54006147385
40	4819.40771484	4827.77685547	15608	33260	-1.76454496384
41	4898.67578125	5116.14648438	15817	34638	-3.52908992767
42	4965.37744141	5419.1953125	30930	35972	-4.41136264801
43	5018.64257812	5717.92626953	-15000	37320	-5.95664453506
44	5055.30371094	6033.30957031	1713	38732	-6.17590761185
45	5078.72998047	6353.55517578	26378	40160	-6.40039110184
46	5081.63574219	6673.46191406	-3906	41633	-8.164935112
47	5056.87890625	7001.87548828	-25851	43048	-9.71021747589
48	5003.02929688	7319.01318359	-23958	44479	-11.036236763
49	4917.91845703	7628.73828125	-10130	45958	-12.3570356369
50	4801.24072266	7941.31835938	-17933	47392	-11.2554998398
51	4682.16259766	8239.79394531	-23026	48821	-7.94567251205
52	4553.52050781	8545.71875	-19846	50306	-9.26647090912
53	4383.46240234	8821.99023438	32656	51789	-12.5815191269
54	4183.37402344	9085.81445312	28903	53211	-13.0200443268
55	3966.81518555	9323.10351562	1539	54640	-13.0200443268
56	3734.43676758	9539.73925781	27040	56103	-11.9185085297
57	3495.92089844	9751.37890625	-28205	57522	-7.28266334534
58	3252.15332031	9974.31835938	12498	58940	-3.52908992767
59	3019.31567383	10205.7792969	5036	60400	-0.882272481918
60	2800.36083984	10431.6933594	19654	61799	-0.438525944948
61	2587.79443359	10653.1425781	23070	63214	0.0
62	2368.76586914	10883.65625	18628	64578	0.438525944948
63	2163.08105469	11106.0253906	-1725	65925	1.32079851627
64	1964.64599609	11332.2001953	16370	67313	1.98380792141
65	1767.28808594	11571.5351562	31281	68663	1.10153543949
66	1558.74743652	11797.515625	25343	70009	-0.882272481918
67	1349.25500488	12019.4052734	-8215	71366	-0.882272481918
68	1142.28930664	12244.2636719	-3565	72725	0.219262972474
69	939.852050781	12472.0039062	-22621	74127	1.32079851627
70	735.060180664	12714.3681641	-3911	75491	1.76454496384
71	542.981262207	12950.3242188	6906	76844	2.42755436897
72	357.668701172	13188.2275391	7902	78185	2.42755436897
73	175.636764526	13429.4980469	8754	79529	2.42755436897
74	-6.86557674408	13682.1455078	103	80915	3.30982708931
75	-174.547286987	13932.2460938	-27831	82254	3.52908992767
76	-334.260650635	14182.1884766	8287	83620	3.0853433609
77	-494.955596924	14442.5439453	11466	84947	1.98380792141
78	-661.739929199	14694.2773438	-31863	86276	1.10153543949
79	-828.012207031	14946.3945312	21141	87666	0.0
80	-1003.28289795	15201.3984375	-28421	88995	-0.438525944948
81	-1165.63208008	15456.8125	-926	90341	2.42755436897
82	-1319.77478027	15716.265625	1722	91683	2.20307087898
83	-1470.30541992	15978.3427734	4279	93027	2.42755436897
84	-1616.82104492	16250.1152344	9504	94411	1.76454496384
85	-1768.31164551	16512.5097656	-31154	95747	1.32079851627
86	-1913.34521484	16775.6210938	-610	97083	1.32079851627
87	-2066.14526367	17058.578125	27472	98513	1.32079851627
88	-2239.07495117	17380.5058594	-3689	100138	0.882272481918
89	-2378.58618164	17642.2695312	-25078	101505	0.438525944948
90	-2553.45727539	17958.4746094	-16552	103064	-2.42755436897
91	-2764.6628418	18254.8105469	32501	104684	-9.49095535278
92	-2973.12182617	18465.84375	158	106004	-12.8007822037
93	-3218.41040039	18658.1855469	514	107439	-15.0090732574
94	-3487.64550781	18823.734375	6124	108797	-14.7845897675
95	-3759.63916016	18960.4414062	-3973	110151	-14.1268005371
96	-4041.57861328	19073.3710938	-22473	111502	-14.1268005371
97	-4332.46826172	19160.6933594	-27664	112901	-14.1268005371
98	-4640.78417969	19221.4199219	27602	114251	-14.7845897675
99	-4941.12304688	19249.8144531	-26847	115643	-15.0090732574
100	-5253.35595703	19248.375	-26001	116982	-15.0090732574
101	-5555.53222656	19219.8535156	-30912	118332	-14.1268005371
102	-5865.60205078	19170.9179688	842	119776	-11.2554998398
103	-6171.76660156	19121.6699219	-14206	121107	-6.61965417862
104	-6492.75097656	19080.6914062	-11658	122595	-3.74835276604
105	-6800.34179688	19037.9394531	27305	123927	-3.97283625603
106	-7093.77929688	18987.5566406	5796	125251	-4.19209957123
107	-7387.3203125	18929.1015625	-14716	126582	-3.97283625603
108	-7681.18115234	18869.9140625	223	127961	-1.98380792141
109	-7985.19335938	18813.4863281	-30994	129290	-0.438525944948
110	-8284.16796875	18763.4335938	-28277	130638	0.219262972474
111	-8582.72363281	18721.0117188	6947	131979	1.54006147385
112	-8881.65625	18683.0	-31883	133368	1.32079851627
113	-9182.734375	18645.8242188	814	134716	1.10153543949
114	-9526.24609375	18605.5390625	-31743	136206	1.10153543949
115	-9826.2109375	18567.078125	23571	137598	-1.10153543949
116	-10135.1533203	18514.3984375	17715	138945	-3.52908992767
117	-10428.2148438	18434.2695312	-16694	140297	-8.60346221924
118	-10709.4287109	18322.5078125	-27268	141643	-9.71021747589
119	-10980.625	18191.8457031	-15162	143030	-11.036236763
120	-11247.4013672	18024.6582031	-14815	144383	-13.4637908936
121	-11482.6435547	17835.1132812	30235	145727	-14.3460636139
122	-11699.5136719	17625.9863281	7782	147067	-13.2393083572
123	-11907.4033203	17405.6992188	10323	148464	-10.811753273
124	-12114.9931641	17174.4160156	-2311	149796	-8.82794570923
125	-12299.9199219	16939.8417969	-6947	151172	-11.6940259933
126	-12463.9873047	16674.9609375	-2237	152511	-12.3570356369
127	-12601.21875	16410.5253906	-7677	153836	-11.4747619629
128	-12721.0830078	16137.578125	12874	155162	-12.1377725601
129	-12817.8105469	15852.9833984	-22477	156499	-11.9185085297
130	-12900.7099609	15564.9228516	-11866	157880	-10.1487436295
131	-12968.5488281	15260.5517578	-4280	159221	-9.71021747589
132	-13023.6210938	14963.4658203	-11499	160563	-8.164935112
133	-13073.3525391	14665.578125	16031	161906	-6.40039110184
134	-13120.0947266	14367.8886719	20951	163246	-3.97283625603
135	-13170.7705078	14060.6621094	-2774	164632	-2.20307087898
136	-13221.6464844	13764.7929688	24718	165967	-1.54006147385
137	-13277.8320312	13468.6269531	-29122	167306	0.0
138	-13338.4990234	13175.5332031	30184	168637	1.54006147385
139	-13412.0166016	12882.15625	-762	169982	2.86608052254
140	-13494.5722656	12593.7675781	22270	171363	4.19209957123
141	-13596.3642578	12300.1669922	21160	172698	5.29363489151
142	-13706.6289062	12022.4023438	14726	174027	5.5181183815
143	-13816.6054688	11759.7958984	12729	175300	5.29363489151
144	-13935.9287109	11505.8662109	12841	176591	5.29363489151
145	-14066.1025391	11254.8525391	14367	177842	4.85510873795
146	-14198.3583984	11008.6103516	21362	179040	5.07437181473
147	-14336.0126953	10774.1728516	22263	180249	5.5181183815
148	-14481.8066406	10543.9013672	19179	181505	5.5181183815
149	-14638.6679688	10309.2832031	23300	182716	4.19209957123
150	-14787.1435547	10079.9169922	-11973	183931	2.20307087898
151	-14934.40625	9850.30761719	30175	185186	2.42755436897
152	-15091.1103516	9618.84277344	-1980	186387	2.64681744576
153	-15249.3984375	9398.36230469	24816	187594	3.74835276604
154	-15409.3398438	9179.68652344	-6744	188799	-0.882272481918
155	-15538.5361328	8940.01074219	-13747	190011	-7.50192642212
156	-15649.4648438	8696.74121094	-2290	191200	-3.74835276604
157	-15745.2861328	8513.890625	10648	192125	0.438525944948
158	-15845.1611328	8348.95507812	6355	193007	0.0
159	-15941.4423828	8175.29394531	13471	193858	-1.10153543949
160	-16040.7910156	8008.95849609	3862	194720	4.63062524796
161	-16157.9970703	7862.20507812	1607	195582	11.2554998398
162	-16265.6738281	7750.796875	-5969	196245	9.71021747589
163	-16321.7568359	7686.66210938	-31928	196624	3.74835276604
164	-16338.0498047	7665.43408203	30152	196743	1.98380792141
165	-16337.2480469	7666.52099609	30255	196737	1.76454496384
166	-16337.3818359	7666.34033203	30235	196738	2.20307087898
167	-16337.3818359	7666.34033203	30235	196738	1.76454496384
168	-16337.3818359	7666.34033203	30235	196738	1.76454496384
169	-16337.3818359	7666.34033203	30235	196738	1.76454496384
170	-16337.3818359	7666.34033203	30235	196738	1.98380792141
171	-16337.3818359	7666.34033203	30235	196738	1.98380792141
172	-16337.3818359	7666.34033203	30235	196738	1.76454496384
